instance,generation,min,avg,max,std,execution_time,best_makespan
ins266_m=4_j=60_t=60_sw=l_dens=d_var=6,0,803.0,870.31,997.0,34.885726307474236,,
ins266_m=4_j=60_t=60_sw=l_dens=d_var=6,1,773.0,842.56,890.0,22.410408296146684,,
ins266_m=4_j=60_t=60_sw=l_dens=d_var=6,2,773.0,824.76,868.0,17.054102145818174,,
ins266_m=4_j=60_t=60_sw=l_dens=d_var=6,3,773.0,810.34,850.0,17.991787015191125,,
ins266_m=4_j=60_t=60_sw=l_dens=d_var=6,4,773.0,796.09,850.0,16.244442126462822,,
ins266_m=4_j=60_t=60_sw=l_dens=d_var=6,5,767.0,785.07,823.0,12.892831341485858,,
ins266_m=4_j=60_t=60_sw=l_dens=d_var=6,6,753.0,774.84,798.0,6.041059509721784,,
ins266_m=4_j=60_t=60_sw=l_dens=d_var=6,7,753.0,771.22,797.0,5.788920452035941,,
ins266_m=4_j=60_t=60_sw=l_dens=d_var=6,8,753.0,767.74,793.0,7.422425479585495,,
ins266_m=4_j=60_t=60_sw=l_dens=d_var=6,9,753.0,762.58,783.0,7.648764606130848,,
ins266_m=4_j=60_t=60_sw=l_dens=d_var=6,10,750.0,755.76,767.0,4.349988505731941,,
ins266_m=4_j=60_t=60_sw=l_dens=d_var=6,11,731.0,753.23,773.0,4.307795259758755,,
ins266_m=4_j=60_t=60_sw=l_dens=d_var=6,12,730.0,752.34,781.0,5.387429813927973,,
ins266_m=4_j=60_t=60_sw=l_dens=d_var=6,13,727.0,750.63,786.0,7.285128687950543,,
ins266_m=4_j=60_t=60_sw=l_dens=d_var=6,14,731.0,747.65,779.0,8.561979911212125,,
ins266_m=4_j=60_t=60_sw=l_dens=d_var=6,15,727.0,740.51,753.0,8.398208142217005,,
ins266_m=4_j=60_t=60_sw=l_dens=d_var=6,16,718.0,735.01,765.0,6.953409235763417,,
ins266_m=4_j=60_t=60_sw=l_dens=d_var=6,17,718.0,733.15,781.0,8.723961256218415,,
ins266_m=4_j=60_t=60_sw=l_dens=d_var=6,18,718.0,728.68,761.0,6.404498419080139,,
ins266_m=4_j=60_t=60_sw=l_dens=d_var=6,19,718.0,726.1,759.0,8.618004409374599,,
ins266_m=4_j=60_t=60_sw=l_dens=d_var=6,20,718.0,722.24,753.0,6.874765450544476,,
ins266_m=4_j=60_t=60_sw=l_dens=d_var=6,21,711.0,719.8,757.0,6.6588287258345975,,
ins266_m=4_j=60_t=60_sw=l_dens=d_var=6,22,705.0,718.56,757.0,5.51782565871739,,
ins266_m=4_j=60_t=60_sw=l_dens=d_var=6,23,705.0,717.91,750.0,7.385248810974482,,
ins266_m=4_j=60_t=60_sw=l_dens=d_var=6,24,705.0,714.06,751.0,7.129964936800181,,
ins266_m=4_j=60_t=60_sw=l_dens=d_var=6,25,705.0,711.63,745.0,7.059256334770682,,
ins266_m=4_j=60_t=60_sw=l_dens=d_var=6,26,705.0,710.51,739.0,7.918958264822463,,
ins266_m=4_j=60_t=60_sw=l_dens=d_var=6,27,703.0,706.98,739.0,5.295243148336059,,
ins266_m=4_j=60_t=60_sw=l_dens=d_var=6,28,703.0,707.35,741.0,6.818174242420033,,
ins266_m=4_j=60_t=60_sw=l_dens=d_var=6,29,703.0,708.35,749.0,9.293411644815913,,
ins266_m=4_j=60_t=60_sw=l_dens=d_var=6,30,703.0,707.62,741.0,7.766311866001777,,
ins266_m=4_j=60_t=60_sw=l_dens=d_var=6,31,703.0,705.64,734.0,4.36696691079747,,
ins266_m=4_j=60_t=60_sw=l_dens=d_var=6,32,703.0,706.01,742.0,7.30547055294866,,
ins266_m=4_j=60_t=60_sw=l_dens=d_var=6,33,695.0,704.47,730.0,4.735937077284705,,
ins266_m=4_j=60_t=60_sw=l_dens=d_var=6,34,695.0,704.47,730.0,5.3431357834140805,,
ins266_m=4_j=60_t=60_sw=l_dens=d_var=6,35,694.0,704.06,743.0,7.4870822087112145,,
ins266_m=4_j=60_t=60_sw=l_dens=d_var=6,36,694.0,703.63,735.0,6.8987752536229205,,
ins266_m=4_j=60_t=60_sw=l_dens=d_var=6,37,694.0,702.18,763.0,8.64682600726995,,
ins266_m=4_j=60_t=60_sw=l_dens=d_var=6,38,694.0,699.82,737.0,8.068928057679038,,
ins266_m=4_j=60_t=60_sw=l_dens=d_var=6,39,693.0,697.35,730.0,6.6488720847975396,,
ins266_m=4_j=60_t=60_sw=l_dens=d_var=6,40,693.0,697.39,734.0,9.217260981441289,,
ins266_m=4_j=60_t=60_sw=l_dens=d_var=6,41,693.0,697.09,755.0,9.731490122278291,,
ins266_m=4_j=60_t=60_sw=l_dens=d_var=6,42,693.0,695.71,733.0,7.018967160487362,,
ins266_m=4_j=60_t=60_sw=l_dens=d_var=6,43,693.0,695.44,737.0,7.053112787982338,,
ins266_m=4_j=60_t=60_sw=l_dens=d_var=6,44,693.0,695.2,737.0,6.99571297295708,,
ins266_m=4_j=60_t=60_sw=l_dens=d_var=6,45,687.0,694.68,730.0,6.407620463167274,,
ins266_m=4_j=60_t=60_sw=l_dens=d_var=6,46,687.0,695.07,733.0,7.57793507493961,,
ins266_m=4_j=60_t=60_sw=l_dens=d_var=6,47,687.0,694.53,751.0,8.351592662480613,,
ins266_m=4_j=60_t=60_sw=l_dens=d_var=6,48,685.0,694.16,749.0,10.576124053735375,,
ins266_m=4_j=60_t=60_sw=l_dens=d_var=6,49,685.0,692.07,738.0,9.089834982000498,,
ins266_m=4_j=60_t=60_sw=l_dens=d_var=6,50,685.0,690.27,729.0,7.721211044907398,,
ins266_m=4_j=60_t=60_sw=l_dens=d_var=6,51,685.0,689.1,719.0,7.167286794875729,,
ins266_m=4_j=60_t=60_sw=l_dens=d_var=6,52,685.0,688.86,734.0,9.588555678515927,,
ins266_m=4_j=60_t=60_sw=l_dens=d_var=6,53,685.0,688.86,761.0,10.977267419535702,,
ins266_m=4_j=60_t=60_sw=l_dens=d_var=6,54,685.0,687.66,729.0,8.132920754562901,,
ins266_m=4_j=60_t=60_sw=l_dens=d_var=6,55,683.0,688.69,735.0,10.306983069744513,,
ins266_m=4_j=60_t=60_sw=l_dens=d_var=6,56,683.0,687.95,735.0,10.002374718035712,,
ins266_m=4_j=60_t=60_sw=l_dens=d_var=6,57,683.0,687.15,721.0,8.627137416316028,,
ins266_m=4_j=60_t=60_sw=l_dens=d_var=6,58,682.0,687.62,739.0,11.622202889297709,,
ins266_m=4_j=60_t=60_sw=l_dens=d_var=6,59,682.0,688.01,733.0,12.364865547186513,,
ins266_m=4_j=60_t=60_sw=l_dens=d_var=6,60,682.0,685.3,755.0,10.0174847142384,,
ins266_m=4_j=60_t=60_sw=l_dens=d_var=6,61,682.0,687.18,738.0,11.337001367204644,,
ins266_m=4_j=60_t=60_sw=l_dens=d_var=6,62,682.0,684.98,735.0,8.49938821327747,,
ins266_m=4_j=60_t=60_sw=l_dens=d_var=6,63,681.0,684.89,717.0,8.331740514442345,,
ins266_m=4_j=60_t=60_sw=l_dens=d_var=6,64,679.0,684.7,726.0,8.789197915623472,,
ins266_m=4_j=60_t=60_sw=l_dens=d_var=6,65,679.0,685.9,743.0,12.88448679614365,,
ins266_m=4_j=60_t=60_sw=l_dens=d_var=6,66,679.0,685.12,729.0,10.83723211894993,,
ins266_m=4_j=60_t=60_sw=l_dens=d_var=6,67,677.0,683.2,727.0,8.29939756849857,,
ins266_m=4_j=60_t=60_sw=l_dens=d_var=6,68,677.0,684.83,731.0,11.057174141705465,,
ins266_m=4_j=60_t=60_sw=l_dens=d_var=6,69,677.0,681.82,721.0,7.952835972154839,,
ins266_m=4_j=60_t=60_sw=l_dens=d_var=6,70,677.0,681.45,727.0,9.40996811896831,,
ins266_m=4_j=60_t=60_sw=l_dens=d_var=6,71,677.0,680.19,719.0,8.053191913769348,,
ins266_m=4_j=60_t=60_sw=l_dens=d_var=6,72,677.0,679.22,713.0,6.67619652197267,,
ins266_m=4_j=60_t=60_sw=l_dens=d_var=6,73,677.0,678.77,714.0,6.178762011924395,,
ins266_m=4_j=60_t=60_sw=l_dens=d_var=6,74,677.0,680.13,733.0,10.033598556848881,,
ins266_m=4_j=60_t=60_sw=l_dens=d_var=6,75,677.0,680.26,733.0,10.331137401080289,,
ins266_m=4_j=60_t=60_sw=l_dens=d_var=6,76,677.0,680.23,733.0,9.981838508010435,,
ins266_m=4_j=60_t=60_sw=l_dens=d_var=6,77,677.0,680.37,723.0,9.826143699335972,,
ins266_m=4_j=60_t=60_sw=l_dens=d_var=6,78,677.0,679.9,722.0,8.988325761786786,,
ins266_m=4_j=60_t=60_sw=l_dens=d_var=6,79,677.0,679.91,733.0,8.556979607314721,,
ins266_m=4_j=60_t=60_sw=l_dens=d_var=6,80,677.0,680.03,749.0,10.321293523585112,,
ins266_m=4_j=60_t=60_sw=l_dens=d_var=6,81,677.0,680.24,737.0,8.984564541478901,,
ins266_m=4_j=60_t=60_sw=l_dens=d_var=6,82,677.0,679.47,722.0,7.980545094164936,,
ins266_m=4_j=60_t=60_sw=l_dens=d_var=6,83,677.0,679.31,729.0,8.240989018315702,,
ins266_m=4_j=60_t=60_sw=l_dens=d_var=6,84,674.0,679.26,722.0,8.598395199105472,,
ins266_m=4_j=60_t=60_sw=l_dens=d_var=6,85,674.0,679.41,713.0,7.406881935065524,,
ins266_m=4_j=60_t=60_sw=l_dens=d_var=6,86,673.0,678.83,726.0,8.007565173009832,,
ins266_m=4_j=60_t=60_sw=l_dens=d_var=6,87,673.0,677.99,705.0,5.577624942571884,,
ins266_m=4_j=60_t=60_sw=l_dens=d_var=6,88,673.0,679.01,722.0,10.376410747459836,,
ins266_m=4_j=60_t=60_sw=l_dens=d_var=6,89,673.0,678.76,730.0,11.195642009282004,,
ins266_m=4_j=60_t=60_sw=l_dens=d_var=6,90,673.0,676.73,741.0,10.794308685599091,,
ins266_m=4_j=60_t=60_sw=l_dens=d_var=6,91,673.0,675.62,713.0,8.328000960614737,,
ins266_m=4_j=60_t=60_sw=l_dens=d_var=6,92,673.0,677.36,729.0,11.822453214117617,,
ins266_m=4_j=60_t=60_sw=l_dens=d_var=6,93,673.0,675.66,733.0,9.748045958036922,,
ins266_m=4_j=60_t=60_sw=l_dens=d_var=6,94,673.0,675.99,730.0,8.750422846925742,,
ins266_m=4_j=60_t=60_sw=l_dens=d_var=6,95,673.0,674.52,715.0,6.142442510923484,,
ins266_m=4_j=60_t=60_sw=l_dens=d_var=6,96,673.0,676.89,742.0,11.500343473131574,,
ins266_m=4_j=60_t=60_sw=l_dens=d_var=6,97,673.0,677.12,741.0,11.13308582559211,,
ins266_m=4_j=60_t=60_sw=l_dens=d_var=6,98,673.0,677.05,749.0,12.157610785018576,,
ins266_m=4_j=60_t=60_sw=l_dens=d_var=6,99,673.0,678.82,725.0,13.03255922679809,,
ins266_m=4_j=60_t=60_sw=l_dens=d_var=6,100,673.0,676.19,726.0,9.294831897350269,,
ins266_m=4_j=60_t=60_sw=l_dens=d_var=6,101,673.0,676.94,723.0,10.067591568990073,,
ins266_m=4_j=60_t=60_sw=l_dens=d_var=6,102,673.0,676.99,749.0,10.616491887624647,,
ins266_m=4_j=60_t=60_sw=l_dens=d_var=6,103,673.0,677.17,723.0,10.377914048593773,,
ins266_m=4_j=60_t=60_sw=l_dens=d_var=6,104,673.0,676.85,730.0,11.04298419812326,,
ins266_m=4_j=60_t=60_sw=l_dens=d_var=6,105,673.0,677.77,721.0,11.018942780503037,,
ins266_m=4_j=60_t=60_sw=l_dens=d_var=6,106,673.0,678.34,729.0,13.516079313173623,,
ins266_m=4_j=60_t=60_sw=l_dens=d_var=6,107,673.0,676.38,721.0,9.721913391920337,,
ins266_m=4_j=60_t=60_sw=l_dens=d_var=6,108,673.0,677.12,737.0,11.680136985498073,,
ins266_m=4_j=60_t=60_sw=l_dens=d_var=6,109,673.0,674.89,727.0,7.375493203847455,,
ins266_m=4_j=60_t=60_sw=l_dens=d_var=6,110,673.0,676.17,718.0,9.59588974509399,,
ins266_m=4_j=60_t=60_sw=l_dens=d_var=6,111,673.0,676.07,727.0,9.270658013323542,,
ins266_m=4_j=60_t=60_sw=l_dens=d_var=6,112,673.0,676.02,730.0,10.318895289710037,,
ins266_m=4_j=60_t=60_sw=l_dens=d_var=6,113,673.0,674.66,726.0,7.045878227730024,,
ins266_m=4_j=60_t=60_sw=l_dens=d_var=6,114,673.0,676.11,737.0,10.297470563201431,,
ins266_m=4_j=60_t=60_sw=l_dens=d_var=6,115,673.0,676.37,737.0,10.192796475943195,,
ins266_m=4_j=60_t=60_sw=l_dens=d_var=6,116,673.0,676.97,733.0,10.811526256731746,,
ins266_m=4_j=60_t=60_sw=l_dens=d_var=6,117,673.0,674.87,723.0,8.019544874866654,,
ins266_m=4_j=60_t=60_sw=l_dens=d_var=6,118,673.0,675.71,718.0,8.959123841090713,,
ins266_m=4_j=60_t=60_sw=l_dens=d_var=6,119,673.0,677.43,719.0,10.559597530209189,,
ins266_m=4_j=60_t=60_sw=l_dens=d_var=6,120,673.0,676.78,721.0,10.155372962131917,,
ins266_m=4_j=60_t=60_sw=l_dens=d_var=6,121,673.0,677.56,742.0,12.00193317761768,,
ins266_m=4_j=60_t=60_sw=l_dens=d_var=6,122,673.0,675.31,709.0,6.587404648266265,,
ins266_m=4_j=60_t=60_sw=l_dens=d_var=6,123,673.0,675.64,742.0,9.679380145443202,,
ins266_m=4_j=60_t=60_sw=l_dens=d_var=6,124,673.0,679.01,735.0,14.83610123988105,,
ins266_m=4_j=60_t=60_sw=l_dens=d_var=6,125,673.0,676.97,745.0,11.540758207327627,,
ins266_m=4_j=60_t=60_sw=l_dens=d_var=6,126,673.0,675.75,727.0,8.72166841837042,,
ins266_m=4_j=60_t=60_sw=l_dens=d_var=6,127,673.0,676.38,733.0,11.62564406817962,,
ins266_m=4_j=60_t=60_sw=l_dens=d_var=6,128,673.0,676.35,727.0,9.975344605576291,,
ins266_m=4_j=60_t=60_sw=l_dens=d_var=6,129,673.0,675.58,733.0,9.418258862443738,,
ins266_m=4_j=60_t=60_sw=l_dens=d_var=6,130,673.0,678.21,745.0,12.561285762213993,,
ins266_m=4_j=60_t=60_sw=l_dens=d_var=6,131,673.0,675.53,725.0,8.848112793132781,,
ins266_m=4_j=60_t=60_sw=l_dens=d_var=6,132,673.0,677.75,742.0,13.076218872441682,,
ins266_m=4_j=60_t=60_sw=l_dens=d_var=6,133,673.0,676.3,721.0,9.85748446613029,,
ins266_m=4_j=60_t=60_sw=l_dens=d_var=6,134,673.0,676.51,745.0,12.393946102835855,,
ins266_m=4_j=60_t=60_sw=l_dens=d_var=6,135,673.0,675.56,725.0,8.35861232502142,,
ins266_m=4_j=60_t=60_sw=l_dens=d_var=6,136,673.0,677.55,721.0,11.017599557072312,,
ins266_m=4_j=60_t=60_sw=l_dens=d_var=6,137,673.0,675.65,730.0,9.31705425550372,,
ins266_m=4_j=60_t=60_sw=l_dens=d_var=6,138,673.0,675.35,718.0,8.093670366403613,,
ins266_m=4_j=60_t=60_sw=l_dens=d_var=6,139,673.0,677.05,737.0,11.557140649832034,,
ins266_m=4_j=60_t=60_sw=l_dens=d_var=6,140,673.0,675.17,745.0,9.32100316489593,,
ins266_m=4_j=60_t=60_sw=l_dens=d_var=6,141,673.0,676.59,741.0,11.8432216900639,,
ins266_m=4_j=60_t=60_sw=l_dens=d_var=6,142,673.0,676.23,749.0,11.29411793811274,,
ins266_m=4_j=60_t=60_sw=l_dens=d_var=6,143,673.0,675.88,729.0,8.88850943634533,,
ins266_m=4_j=60_t=60_sw=l_dens=d_var=6,144,673.0,677.04,751.0,12.979922958168896,,
ins266_m=4_j=60_t=60_sw=l_dens=d_var=6,145,673.0,677.36,731.0,12.105800262684,,
ins266_m=4_j=60_t=60_sw=l_dens=d_var=6,146,673.0,677.86,745.0,12.92286345977547,,
ins266_m=4_j=60_t=60_sw=l_dens=d_var=6,147,673.0,676.54,749.0,10.87052896597033,,
ins266_m=4_j=60_t=60_sw=l_dens=d_var=6,148,673.0,675.35,727.0,8.914454554261859,,
ins266_m=4_j=60_t=60_sw=l_dens=d_var=6,149,673.0,675.93,715.0,8.563007649184952,,
ins266_m=4_j=60_t=60_sw=l_dens=d_var=6,150,673.0,676.98,745.0,11.960752484689246,,
ins266_m=4_j=60_t=60_sw=l_dens=d_var=6,151,673.0,675.09,726.0,8.076007677064206,,
ins266_m=4_j=60_t=60_sw=l_dens=d_var=6,152,673.0,676.58,749.0,11.654338248051667,,
ins266_m=4_j=60_t=60_sw=l_dens=d_var=6,153,673.0,677.87,718.0,10.897389595678407,,
ins266_m=4_j=60_t=60_sw=l_dens=d_var=6,154,673.0,675.88,737.0,9.578392349449881,,
ins266_m=4_j=60_t=60_sw=l_dens=d_var=6,155,673.0,676.45,733.0,11.212827475708345,,
ins266_m=4_j=60_t=60_sw=l_dens=d_var=6,156,673.0,679.96,749.0,15.746694891309733,,
ins266_m=4_j=60_t=60_sw=l_dens=d_var=6,157,673.0,677.34,733.0,12.17967158834753,,
ins266_m=4_j=60_t=60_sw=l_dens=d_var=6,158,673.0,675.32,717.0,8.396284892736787,,
ins266_m=4_j=60_t=60_sw=l_dens=d_var=6,159,673.0,678.65,738.0,12.684932006124432,,
ins266_m=4_j=60_t=60_sw=l_dens=d_var=6,160,673.0,677.11,725.0,10.545041488775661,,
ins266_m=4_j=60_t=60_sw=l_dens=d_var=6,161,673.0,677.19,721.0,10.429472661644978,,
ins266_m=4_j=60_t=60_sw=l_dens=d_var=6,162,673.0,676.94,722.0,10.758085331507646,,
ins266_m=4_j=60_t=60_sw=l_dens=d_var=6,163,673.0,675.29,711.0,6.863373805935389,,
ins266_m=4_j=60_t=60_sw=l_dens=d_var=6,164,673.0,677.98,725.0,12.928248141182932,,
ins266_m=4_j=60_t=60_sw=l_dens=d_var=6,165,673.0,676.29,725.0,10.112660381917314,,
ins266_m=4_j=60_t=60_sw=l_dens=d_var=6,166,673.0,676.71,731.0,10.865813361180102,,
ins266_m=4_j=60_t=60_sw=l_dens=d_var=6,167,673.0,676.54,738.0,11.11973021255462,,
ins266_m=4_j=60_t=60_sw=l_dens=d_var=6,168,673.0,676.85,741.0,11.956065406311561,,
ins266_m=4_j=60_t=60_sw=l_dens=d_var=6,169,673.0,677.24,727.0,11.259769091770934,,
ins266_m=4_j=60_t=60_sw=l_dens=d_var=6,170,673.0,676.4,727.0,9.982985525382675,,
ins266_m=4_j=60_t=60_sw=l_dens=d_var=6,171,673.0,676.51,718.0,8.878620388326103,,
ins266_m=4_j=60_t=60_sw=l_dens=d_var=6,172,673.0,675.51,722.0,8.687341365458135,,
ins266_m=4_j=60_t=60_sw=l_dens=d_var=6,173,673.0,674.83,715.0,6.642371564433896,,
ins266_m=4_j=60_t=60_sw=l_dens=d_var=6,174,673.0,674.99,713.0,6.902890698830455,,
ins266_m=4_j=60_t=60_sw=l_dens=d_var=6,175,673.0,676.97,731.0,11.519075483735662,,
ins266_m=4_j=60_t=60_sw=l_dens=d_var=6,176,673.0,677.5,726.0,12.036195412172404,,
ins266_m=4_j=60_t=60_sw=l_dens=d_var=6,177,673.0,676.27,713.0,9.017599458836038,,
ins266_m=4_j=60_t=60_sw=l_dens=d_var=6,178,673.0,675.99,723.0,9.253642526054266,,
ins266_m=4_j=60_t=60_sw=l_dens=d_var=6,179,673.0,677.22,751.0,12.018801936965264,,
ins266_m=4_j=60_t=60_sw=l_dens=d_var=6,180,673.0,677.14,725.0,10.720093283176226,,
ins266_m=4_j=60_t=60_sw=l_dens=d_var=6,181,673.0,676.18,729.0,9.791200130729633,,
ins266_m=4_j=60_t=60_sw=l_dens=d_var=6,182,673.0,676.81,723.0,10.401629680006877,,
ins266_m=4_j=60_t=60_sw=l_dens=d_var=6,183,673.0,674.91,741.0,9.923804713918953,,
ins266_m=4_j=60_t=60_sw=l_dens=d_var=6,184,673.0,676.25,731.0,9.875601247519059,,
ins266_m=4_j=60_t=60_sw=l_dens=d_var=6,185,673.0,673.95,691.0,3.2905166767545797,,
ins266_m=4_j=60_t=60_sw=l_dens=d_var=6,186,673.0,678.21,751.0,13.212338929954834,,
ins266_m=4_j=60_t=60_sw=l_dens=d_var=6,187,673.0,679.5,731.0,14.489651479590528,,
ins266_m=4_j=60_t=60_sw=l_dens=d_var=6,188,673.0,676.41,749.0,11.618171112528856,,
ins266_m=4_j=60_t=60_sw=l_dens=d_var=6,189,673.0,676.22,725.0,9.72479305692414,,
ins266_m=4_j=60_t=60_sw=l_dens=d_var=6,190,673.0,676.23,730.0,9.325079088136464,,
ins266_m=4_j=60_t=60_sw=l_dens=d_var=6,191,673.0,675.86,741.0,9.972983505451115,,
ins266_m=4_j=60_t=60_sw=l_dens=d_var=6,192,673.0,675.87,718.0,9.317354774827457,,
ins266_m=4_j=60_t=60_sw=l_dens=d_var=6,193,673.0,676.98,730.0,11.183004962889,,
ins266_m=4_j=60_t=60_sw=l_dens=d_var=6,194,673.0,675.04,727.0,8.47339365307667,,
ins266_m=4_j=60_t=60_sw=l_dens=d_var=6,195,673.0,677.18,745.0,12.160082236564026,,
ins266_m=4_j=60_t=60_sw=l_dens=d_var=6,196,673.0,676.65,725.0,11.226197040850478,,
ins266_m=4_j=60_t=60_sw=l_dens=d_var=6,197,673.0,677.28,741.0,13.018509899370207,,
ins266_m=4_j=60_t=60_sw=l_dens=d_var=6,198,673.0,676.99,730.0,11.802114217376477,,
ins266_m=4_j=60_t=60_sw=l_dens=d_var=6,199,673.0,676.67,717.0,10.0270185000328,,
ins266_m=4_j=60_t=60_sw=l_dens=d_var=6,200,673.0,675.87,734.0,10.211420077540636,,
ins266_m=4_j=60_t=60_sw=l_dens=d_var=6,201,673.0,675.94,723.0,8.95077650262814,,
ins266_m=4_j=60_t=60_sw=l_dens=d_var=6,202,673.0,676.37,729.0,9.715611149073434,,
ins266_m=4_j=60_t=60_sw=l_dens=d_var=6,203,673.0,677.15,726.0,11.536355577044251,,
ins266_m=4_j=60_t=60_sw=l_dens=d_var=6,204,673.0,679.37,733.0,13.897953086695898,,
ins266_m=4_j=60_t=60_sw=l_dens=d_var=6,205,673.0,675.35,722.0,8.914454554261859,,
ins266_m=4_j=60_t=60_sw=l_dens=d_var=6,206,673.0,676.87,730.0,12.0296758061055,,
ins266_m=4_j=60_t=60_sw=l_dens=d_var=6,207,673.0,677.11,751.0,12.677456369477278,,
ins266_m=4_j=60_t=60_sw=l_dens=d_var=6,208,673.0,677.03,734.0,11.818168216775389,,
ins266_m=4_j=60_t=60_sw=l_dens=d_var=6,209,673.0,675.82,737.0,9.401467970482056,,
ins266_m=4_j=60_t=60_sw=l_dens=d_var=6,210,673.0,675.82,725.0,8.533908834760306,,
ins266_m=4_j=60_t=60_sw=l_dens=d_var=6,211,673.0,678.85,721.0,12.483088560128058,,
ins266_m=4_j=60_t=60_sw=l_dens=d_var=6,212,673.0,678.19,741.0,13.867007607988104,,
ins266_m=4_j=60_t=60_sw=l_dens=d_var=6,213,673.0,677.18,725.0,11.462443020578117,,
ins266_m=4_j=60_t=60_sw=l_dens=d_var=6,214,673.0,677.49,729.0,11.62797918814787,,
ins266_m=4_j=60_t=60_sw=l_dens=d_var=6,215,673.0,677.57,719.0,11.085355204051877,,
ins266_m=4_j=60_t=60_sw=l_dens=d_var=6,216,673.0,676.51,727.0,10.412967876643048,,
ins266_m=4_j=60_t=60_sw=l_dens=d_var=6,217,673.0,676.6,717.0,8.865664103720599,,
ins266_m=4_j=60_t=60_sw=l_dens=d_var=6,218,673.0,678.16,731.0,12.404612045525647,,
ins266_m=4_j=60_t=60_sw=l_dens=d_var=6,219,673.0,676.63,741.0,13.097828064224998,,
ins266_m=4_j=60_t=60_sw=l_dens=d_var=6,220,673.0,677.61,725.0,11.285295742691018,,
ins266_m=4_j=60_t=60_sw=l_dens=d_var=6,221,673.0,677.5,725.0,11.307961796893373,,
ins266_m=4_j=60_t=60_sw=l_dens=d_var=6,222,673.0,677.5,741.0,12.075181158061357,,
ins266_m=4_j=60_t=60_sw=l_dens=d_var=6,223,673.0,679.06,741.0,14.960494644228843,,
ins266_m=4_j=60_t=60_sw=l_dens=d_var=6,224,673.0,678.92,731.0,13.705239873858465,,
ins266_m=4_j=60_t=60_sw=l_dens=d_var=6,225,673.0,678.24,731.0,12.671321951556596,,
ins266_m=4_j=60_t=60_sw=l_dens=d_var=6,226,673.0,675.82,714.0,8.417101638925361,,
ins266_m=4_j=60_t=60_sw=l_dens=d_var=6,227,673.0,677.43,723.0,11.15280682160325,,
ins266_m=4_j=60_t=60_sw=l_dens=d_var=6,228,673.0,677.07,719.0,11.020213246575585,,
ins266_m=4_j=60_t=60_sw=l_dens=d_var=6,229,673.0,679.07,733.0,13.74500272826455,,
ins266_m=4_j=60_t=60_sw=l_dens=d_var=6,230,673.0,678.14,735.0,13.736826416607297,,
ins266_m=4_j=60_t=60_sw=l_dens=d_var=6,231,673.0,676.96,741.0,11.511663650402577,,
ins266_m=4_j=60_t=60_sw=l_dens=d_var=6,232,673.0,679.01,735.0,14.09503103934149,,
ins266_m=4_j=60_t=60_sw=l_dens=d_var=6,233,673.0,675.95,742.0,10.5814696521797,,
ins266_m=4_j=60_t=60_sw=l_dens=d_var=6,234,673.0,675.77,726.0,8.507473185382366,,
ins266_m=4_j=60_t=60_sw=l_dens=d_var=6,235,673.0,676.16,725.0,9.545386320102503,,
ins266_m=4_j=60_t=60_sw=l_dens=d_var=6,236,673.0,676.05,733.0,10.842854790137144,,
ins266_m=4_j=60_t=60_sw=l_dens=d_var=6,237,673.0,677.13,722.0,11.025112244326586,,
ins266_m=4_j=60_t=60_sw=l_dens=d_var=6,238,673.0,677.65,721.0,10.878763716525881,,
ins266_m=4_j=60_t=60_sw=l_dens=d_var=6,239,673.0,677.24,742.0,12.287489572732097,,
ins266_m=4_j=60_t=60_sw=l_dens=d_var=6,240,673.0,676.09,718.0,9.843876269031421,,
ins266_m=4_j=60_t=60_sw=l_dens=d_var=6,241,673.0,677.57,721.0,10.45395140604738,,
ins266_m=4_j=60_t=60_sw=l_dens=d_var=6,242,673.0,675.65,717.0,8.114647250497093,,
ins266_m=4_j=60_t=60_sw=l_dens=d_var=6,243,673.0,677.43,741.0,13.882546596356157,,
ins266_m=4_j=60_t=60_sw=l_dens=d_var=6,244,673.0,676.21,730.0,11.081782347618995,,
ins266_m=4_j=60_t=60_sw=l_dens=d_var=6,245,673.0,676.31,722.0,9.831271535259312,,
ins266_m=4_j=60_t=60_sw=l_dens=d_var=6,246,673.0,676.88,734.0,11.654424052693466,,
ins266_m=4_j=60_t=60_sw=l_dens=d_var=6,247,673.0,675.86,749.0,10.521425758897887,,
ins266_m=4_j=60_t=60_sw=l_dens=d_var=6,248,673.0,676.43,725.0,10.000254996748835,,
ins266_m=4_j=60_t=60_sw=l_dens=d_var=6,249,673.0,676.97,734.0,12.16178851978606,,
ins266_m=4_j=60_t=60_sw=l_dens=d_var=6,250,673.0,676.74,738.0,11.57637248882395,,
ins266_m=4_j=60_t=60_sw=l_dens=d_var=6,251,673.0,675.25,730.0,9.124006795262705,,
ins266_m=4_j=60_t=60_sw=l_dens=d_var=6,252,673.0,675.81,713.0,9.188792086014354,,
ins266_m=4_j=60_t=60_sw=l_dens=d_var=6,253,673.0,674.69,733.0,7.2947858090556705,,
ins266_m=4_j=60_t=60_sw=l_dens=d_var=6,254,673.0,675.37,725.0,8.12607531345852,,
ins266_m=4_j=60_t=60_sw=l_dens=d_var=6,255,673.0,675.95,741.0,10.001374905481745,,
ins266_m=4_j=60_t=60_sw=l_dens=d_var=6,256,673.0,676.32,745.0,11.171284617267613,,
ins266_m=4_j=60_t=60_sw=l_dens=d_var=6,257,673.0,677.45,734.0,12.237953260247401,,
ins266_m=4_j=60_t=60_sw=l_dens=d_var=6,258,673.0,677.3,725.0,11.599568957508723,,
ins266_m=4_j=60_t=60_sw=l_dens=d_var=6,259,673.0,678.24,725.0,12.334601736578284,,
ins266_m=4_j=60_t=60_sw=l_dens=d_var=6,260,673.0,676.87,713.0,9.817998777755067,,
ins266_m=4_j=60_t=60_sw=l_dens=d_var=6,261,673.0,675.85,725.0,10.316370485786171,,
ins266_m=4_j=60_t=60_sw=l_dens=d_var=6,262,673.0,679.23,730.0,13.786119831192535,,
ins266_m=4_j=60_t=60_sw=l_dens=d_var=6,263,673.0,675.54,729.0,8.911139096658744,,
ins266_m=4_j=60_t=60_sw=l_dens=d_var=6,264,673.0,674.89,727.0,8.120215514381377,,
ins266_m=4_j=60_t=60_sw=l_dens=d_var=6,265,673.0,677.81,737.0,13.229281915508489,,
ins266_m=4_j=60_t=60_sw=l_dens=d_var=6,266,673.0,676.06,713.0,9.133257907231132,,
ins266_m=4_j=60_t=60_sw=l_dens=d_var=6,267,673.0,676.69,725.0,11.422517235705971,,
ins266_m=4_j=60_t=60_sw=l_dens=d_var=6,268,673.0,675.32,734.0,8.580069929784955,,
ins266_m=4_j=60_t=60_sw=l_dens=d_var=6,269,673.0,676.38,719.0,9.95266798401313,,
ins266_m=4_j=60_t=60_sw=l_dens=d_var=6,270,673.0,674.64,718.0,7.054813959276316,,
ins266_m=4_j=60_t=60_sw=l_dens=d_var=6,271,673.0,674.97,721.0,7.77875954121221,,
ins266_m=4_j=60_t=60_sw=l_dens=d_var=6,272,673.0,675.67,727.0,9.84383563454815,,
ins266_m=4_j=60_t=60_sw=l_dens=d_var=6,273,673.0,676.35,713.0,8.899859549453575,,
ins266_m=4_j=60_t=60_sw=l_dens=d_var=6,274,673.0,676.46,730.0,10.786491551936619,,
ins266_m=4_j=60_t=60_sw=l_dens=d_var=6,275,673.0,676.76,723.0,10.691230050840737,,
ins266_m=4_j=60_t=60_sw=l_dens=d_var=6,276,673.0,677.28,742.0,11.923992619923915,,
ins266_m=4_j=60_t=60_sw=l_dens=d_var=6,277,673.0,675.95,725.0,9.938183938728443,,
ins266_m=4_j=60_t=60_sw=l_dens=d_var=6,278,673.0,678.23,725.0,12.185938617931736,,
ins266_m=4_j=60_t=60_sw=l_dens=d_var=6,279,673.0,676.98,725.0,10.473757682894902,,
ins266_m=4_j=60_t=60_sw=l_dens=d_var=6,280,673.0,678.28,737.0,13.437321161600627,,
ins266_m=4_j=60_t=60_sw=l_dens=d_var=6,281,673.0,675.81,721.0,9.012985077098486,,
ins266_m=4_j=60_t=60_sw=l_dens=d_var=6,282,673.0,677.45,733.0,13.180572825184798,,
ins266_m=4_j=60_t=60_sw=l_dens=d_var=6,283,673.0,675.42,723.0,8.531330494125756,,
ins266_m=4_j=60_t=60_sw=l_dens=d_var=6,284,673.0,676.11,745.0,10.908615860868874,,
ins266_m=4_j=60_t=60_sw=l_dens=d_var=6,285,673.0,674.79,717.0,7.021816004425067,,
ins266_m=4_j=60_t=60_sw=l_dens=d_var=6,286,673.0,675.33,715.0,8.109321796549942,,
ins266_m=4_j=60_t=60_sw=l_dens=d_var=6,287,673.0,675.57,721.0,9.0777254860455,,
ins266_m=4_j=60_t=60_sw=l_dens=d_var=6,288,673.0,675.95,730.0,9.632626848373187,,
ins266_m=4_j=60_t=60_sw=l_dens=d_var=6,289,673.0,676.92,727.0,10.812659247382209,,
ins266_m=4_j=60_t=60_sw=l_dens=d_var=6,290,673.0,676.13,731.0,10.017639442503405,,
ins266_m=4_j=60_t=60_sw=l_dens=d_var=6,291,673.0,676.83,742.0,11.251715424769683,,
ins266_m=4_j=60_t=60_sw=l_dens=d_var=6,292,673.0,676.87,749.0,12.719791664960553,,
ins266_m=4_j=60_t=60_sw=l_dens=d_var=6,293,673.0,678.59,737.0,13.756522089539928,,
ins266_m=4_j=60_t=60_sw=l_dens=d_var=6,294,673.0,676.8,741.0,12.366891282775958,,
ins266_m=4_j=60_t=60_sw=l_dens=d_var=6,295,673.0,678.38,737.0,14.422745924407044,,
ins266_m=4_j=60_t=60_sw=l_dens=d_var=6,296,673.0,676.89,734.0,11.309195373677122,,
ins266_m=4_j=60_t=60_sw=l_dens=d_var=6,297,673.0,675.59,721.0,8.838659400610478,,
ins266_m=4_j=60_t=60_sw=l_dens=d_var=6,298,673.0,678.67,734.0,14.005752389643336,,
ins266_m=4_j=60_t=60_sw=l_dens=d_var=6,299,673.0,674.81,723.0,7.423873651942091,,
ins266_m=4_j=60_t=60_sw=l_dens=d_var=6,300,673.0,675.6,710.0,7.782030583337488,,
ins266_m=4_j=60_t=60_sw=l_dens=d_var=6,301,673.0,676.69,731.0,11.568660250867426,,
ins266_m=4_j=60_t=60_sw=l_dens=d_var=6,302,673.0,676.82,721.0,10.694278844316711,,
ins266_m=4_j=60_t=60_sw=l_dens=d_var=6,303,673.0,676.23,721.0,9.550764367316365,,
ins266_m=4_j=60_t=60_sw=l_dens=d_var=6,304,673.0,677.93,731.0,12.569212385825931,,
ins266_m=4_j=60_t=60_sw=l_dens=d_var=6,305,673.0,675.78,733.0,9.537903333542442,,
ins266_m=4_j=60_t=60_sw=l_dens=d_var=6,306,673.0,676.66,734.0,11.645788938496182,,
ins266_m=4_j=60_t=60_sw=l_dens=d_var=6,307,673.0,676.21,741.0,11.517200180599449,,
ins266_m=4_j=60_t=60_sw=l_dens=d_var=6,308,673.0,676.21,729.0,9.842047551195838,,
ins266_m=4_j=60_t=60_sw=l_dens=d_var=6,309,673.0,676.61,737.0,11.527267672783521,,
ins266_m=4_j=60_t=60_sw=l_dens=d_var=6,310,673.0,676.47,738.0,10.7391386991695,,
ins266_m=4_j=60_t=60_sw=l_dens=d_var=6,311,673.0,675.98,723.0,8.270405068677107,,
ins266_m=4_j=60_t=60_sw=l_dens=d_var=6,312,673.0,676.95,713.0,9.533493588396649,,
ins266_m=4_j=60_t=60_sw=l_dens=d_var=6,313,673.0,675.93,749.0,10.817814012082108,,
ins266_m=4_j=60_t=60_sw=l_dens=d_var=6,314,673.0,676.63,726.0,10.633583591621406,,
ins266_m=4_j=60_t=60_sw=l_dens=d_var=6,315,673.0,676.27,721.0,9.489841937566716,,
ins266_m=4_j=60_t=60_sw=l_dens=d_var=6,316,673.0,676.68,737.0,11.57918822715997,,
ins266_m=4_j=60_t=60_sw=l_dens=d_var=6,317,673.0,676.61,727.0,11.41305831054937,,
ins266_m=4_j=60_t=60_sw=l_dens=d_var=6,318,673.0,678.35,745.0,12.961770712367969,,
ins266_m=4_j=60_t=60_sw=l_dens=d_var=6,319,673.0,676.04,723.0,9.077356443370503,,
ins266_m=4_j=60_t=60_sw=l_dens=d_var=6,320,673.0,677.2,727.0,10.695793565696752,,
ins266_m=4_j=60_t=60_sw=l_dens=d_var=6,321,673.0,676.25,721.0,10.495117912629661,,
ins266_m=4_j=60_t=60_sw=l_dens=d_var=6,322,673.0,675.86,711.0,7.672053180211932,,
ins266_m=4_j=60_t=60_sw=l_dens=d_var=6,323,673.0,675.87,751.0,10.834809642997886,,
ins266_m=4_j=60_t=60_sw=l_dens=d_var=6,324,673.0,676.54,737.0,11.086406090343255,,
ins266_m=4_j=60_t=60_sw=l_dens=d_var=6,325,673.0,677.53,741.0,13.405562278397722,,
ins266_m=4_j=60_t=60_sw=l_dens=d_var=6,326,673.0,676.41,733.0,10.478640178954521,,
ins266_m=4_j=60_t=60_sw=l_dens=d_var=6,327,673.0,676.45,723.0,11.48858128752197,,
ins266_m=4_j=60_t=60_sw=l_dens=d_var=6,328,673.0,676.4,718.0,9.468896451012652,,
ins266_m=4_j=60_t=60_sw=l_dens=d_var=6,329,673.0,676.72,745.0,12.599269820112594,,
ins266_m=4_j=60_t=60_sw=l_dens=d_var=6,330,673.0,675.23,723.0,8.63464533145398,,
ins266_m=4_j=60_t=60_sw=l_dens=d_var=6,331,673.0,675.74,718.0,8.50366979603512,,
ins266_m=4_j=60_t=60_sw=l_dens=d_var=6,332,673.0,676.93,733.0,10.530199428310938,,
ins266_m=4_j=60_t=60_sw=l_dens=d_var=6,333,673.0,679.2,741.0,14.115948427222312,,
ins266_m=4_j=60_t=60_sw=l_dens=d_var=6,334,673.0,676.28,723.0,9.171782814698568,,
ins266_m=4_j=60_t=60_sw=l_dens=d_var=6,335,673.0,675.76,725.0,8.787627666213446,,
ins266_m=4_j=60_t=60_sw=l_dens=d_var=6,336,673.0,676.64,738.0,11.308863780238932,,
ins266_m=4_j=60_t=60_sw=l_dens=d_var=6,337,673.0,674.33,737.0,7.299390385504805,,
ins266_m=4_j=60_t=60_sw=l_dens=d_var=6,338,673.0,677.19,725.0,10.808047927354872,,
ins266_m=4_j=60_t=60_sw=l_dens=d_var=6,339,673.0,676.22,745.0,9.810789978386042,,
ins266_m=4_j=60_t=60_sw=l_dens=d_var=6,340,673.0,676.2,727.0,10.085633346498373,,
ins266_m=4_j=60_t=60_sw=l_dens=d_var=6,341,673.0,677.08,733.0,12.56238830796119,,
ins266_m=4_j=60_t=60_sw=l_dens=d_var=6,342,673.0,677.24,721.0,11.243771609206584,,
ins266_m=4_j=60_t=60_sw=l_dens=d_var=6,343,673.0,678.57,745.0,14.169865913268197,,
ins266_m=4_j=60_t=60_sw=l_dens=d_var=6,344,673.0,675.46,727.0,8.18342226699808,,
ins266_m=4_j=60_t=60_sw=l_dens=d_var=6,345,673.0,677.08,738.0,12.545660604368349,,
ins266_m=4_j=60_t=60_sw=l_dens=d_var=6,346,673.0,676.78,729.0,10.92390040232883,,
ins266_m=4_j=60_t=60_sw=l_dens=d_var=6,347,673.0,675.36,714.0,8.413703108619888,,
ins266_m=4_j=60_t=60_sw=l_dens=d_var=6,348,673.0,675.27,717.0,7.934551026995794,,
ins266_m=4_j=60_t=60_sw=l_dens=d_var=6,349,673.0,676.78,741.0,11.666687619028803,,
ins266_m=4_j=60_t=60_sw=l_dens=d_var=6,350,673.0,675.84,725.0,9.124384910776179,,
ins266_m=4_j=60_t=60_sw=l_dens=d_var=6,351,673.0,676.98,727.0,10.882995911053168,,
ins266_m=4_j=60_t=60_sw=l_dens=d_var=6,352,673.0,675.91,725.0,9.458430102294988,,
ins266_m=4_j=60_t=60_sw=l_dens=d_var=6,353,673.0,674.89,717.0,8.017349936232046,,
ins266_m=4_j=60_t=60_sw=l_dens=d_var=6,354,673.0,676.73,749.0,12.721521135461748,,
ins266_m=4_j=60_t=60_sw=l_dens=d_var=6,355,673.0,677.05,731.0,11.701602454364957,,
ins266_m=4_j=60_t=60_sw=l_dens=d_var=6,356,673.0,675.55,733.0,8.876232308812112,,
ins266_m=4_j=60_t=60_sw=l_dens=d_var=6,357,673.0,676.5,714.0,9.930256794262673,,
ins266_m=4_j=60_t=60_sw=l_dens=d_var=6,358,673.0,675.85,741.0,10.413812942433715,,
ins266_m=4_j=60_t=60_sw=l_dens=d_var=6,359,673.0,677.11,735.0,11.878463705378739,,
ins266_m=4_j=60_t=60_sw=l_dens=d_var=6,360,673.0,674.75,717.0,6.580843410992241,,
ins266_m=4_j=60_t=60_sw=l_dens=d_var=6,361,673.0,676.61,717.0,8.673978326004741,,
ins266_m=4_j=60_t=60_sw=l_dens=d_var=6,362,673.0,676.6,730.0,10.701401777337399,,
ins266_m=4_j=60_t=60_sw=l_dens=d_var=6,363,673.0,674.84,722.0,7.178746408670529,,
ins266_m=4_j=60_t=60_sw=l_dens=d_var=6,364,673.0,676.2,719.0,9.314504817756012,,
ins266_m=4_j=60_t=60_sw=l_dens=d_var=6,365,673.0,678.08,745.0,13.596823158370487,,
ins266_m=4_j=60_t=60_sw=l_dens=d_var=6,366,673.0,676.62,717.0,9.870947269639323,,
ins266_m=4_j=60_t=60_sw=l_dens=d_var=6,367,673.0,678.03,741.0,13.53178110966919,,
ins266_m=4_j=60_t=60_sw=l_dens=d_var=6,368,673.0,676.21,725.0,10.277446180836948,,
ins266_m=4_j=60_t=60_sw=l_dens=d_var=6,369,673.0,679.37,745.0,13.936753567456087,,
ins266_m=4_j=60_t=60_sw=l_dens=d_var=6,370,673.0,676.8,751.0,11.454256850621082,,
ins266_m=4_j=60_t=60_sw=l_dens=d_var=6,371,673.0,674.42,717.0,5.945048359769666,,
ins266_m=4_j=60_t=60_sw=l_dens=d_var=6,372,673.0,675.96,722.0,9.198826012051756,,
ins266_m=4_j=60_t=60_sw=l_dens=d_var=6,373,673.0,677.18,749.0,13.528769345361756,,
ins266_m=4_j=60_t=60_sw=l_dens=d_var=6,374,673.0,676.25,733.0,10.676492869851971,,
ins266_m=4_j=60_t=60_sw=l_dens=d_var=6,375,673.0,677.22,727.0,11.57461014462258,,
ins266_m=4_j=60_t=60_sw=l_dens=d_var=6,376,673.0,675.97,726.0,10.375408425695829,,
ins266_m=4_j=60_t=60_sw=l_dens=d_var=6,377,673.0,677.11,726.0,11.668671732463812,,
ins266_m=4_j=60_t=60_sw=l_dens=d_var=6,378,673.0,676.1,719.0,9.363225939813692,,
ins266_m=4_j=60_t=60_sw=l_dens=d_var=6,379,673.0,676.35,730.0,9.7738170639725,,
ins266_m=4_j=60_t=60_sw=l_dens=d_var=6,380,673.0,675.49,713.0,7.880983441170271,,
ins266_m=4_j=60_t=60_sw=l_dens=d_var=6,381,673.0,677.5,749.0,12.816785868539741,,
ins266_m=4_j=60_t=60_sw=l_dens=d_var=6,382,673.0,675.26,706.0,6.436800447427277,,
ins266_m=4_j=60_t=60_sw=l_dens=d_var=6,383,673.0,676.43,725.0,9.432131254387844,,
ins266_m=4_j=60_t=60_sw=l_dens=d_var=6,384,673.0,676.5,726.0,10.376415566080611,,
ins266_m=4_j=60_t=60_sw=l_dens=d_var=6,385,673.0,676.22,723.0,9.94140835093298,,
ins266_m=4_j=60_t=60_sw=l_dens=d_var=6,386,673.0,678.5,738.0,14.794255641971311,,
ins266_m=4_j=60_t=60_sw=l_dens=d_var=6,387,673.0,676.83,741.0,11.210758225918532,,
ins266_m=4_j=60_t=60_sw=l_dens=d_var=6,388,673.0,677.27,749.0,14.01274776765785,,
ins266_m=4_j=60_t=60_sw=l_dens=d_var=6,389,673.0,675.1,711.0,7.3532305825398945,,
ins266_m=4_j=60_t=60_sw=l_dens=d_var=6,390,673.0,677.74,735.0,13.309109662182516,,
ins266_m=4_j=60_t=60_sw=l_dens=d_var=6,391,673.0,677.49,745.0,12.38506762193893,,
ins266_m=4_j=60_t=60_sw=l_dens=d_var=6,392,673.0,676.04,730.0,9.817250124143726,,
ins266_m=4_j=60_t=60_sw=l_dens=d_var=6,393,673.0,675.99,710.0,8.793742093102344,,
ins266_m=4_j=60_t=60_sw=l_dens=d_var=6,394,673.0,674.61,715.0,7.390392411773545,,
ins266_m=4_j=60_t=60_sw=l_dens=d_var=6,395,673.0,676.93,735.0,10.738952462880167,,
ins266_m=4_j=60_t=60_sw=l_dens=d_var=6,396,673.0,676.99,755.0,12.163465788992871,,
ins266_m=4_j=60_t=60_sw=l_dens=d_var=6,397,673.0,676.16,741.0,10.813621040151167,,
ins266_m=4_j=60_t=60_sw=l_dens=d_var=6,398,673.0,677.65,721.0,11.314923773494895,,
ins266_m=4_j=60_t=60_sw=l_dens=d_var=6,399,673.0,676.49,723.0,9.899994949493658,,
ins266_m=4_j=60_t=60_sw=l_dens=d_var=6,400,673.0,676.0,721.0,8.4545845551393,,
ins266_m=4_j=60_t=60_sw=l_dens=d_var=6,401,673.0,677.95,741.0,12.50789750517648,,
ins266_m=4_j=60_t=60_sw=l_dens=d_var=6,402,673.0,676.11,727.0,10.053750543951246,,
ins266_m=4_j=60_t=60_sw=l_dens=d_var=6,403,673.0,677.14,718.0,10.406747810915762,,
ins266_m=4_j=60_t=60_sw=l_dens=d_var=6,404,673.0,675.88,725.0,9.565855947065062,,
ins266_m=4_j=60_t=60_sw=l_dens=d_var=6,405,673.0,677.84,749.0,13.420670624078365,,
ins266_m=4_j=60_t=60_sw=l_dens=d_var=6,406,673.0,677.67,717.0,9.915699672741205,,
ins266_m=4_j=60_t=60_sw=l_dens=d_var=6,407,673.0,676.06,731.0,9.414690648130717,,
ins266_m=4_j=60_t=60_sw=l_dens=d_var=6,408,673.0,676.52,742.0,11.698273376870628,,
ins266_m=4_j=60_t=60_sw=l_dens=d_var=6,409,673.0,676.02,717.0,8.712037649138116,,
ins266_m=4_j=60_t=60_sw=l_dens=d_var=6,410,673.0,675.68,729.0,9.212903993855575,,
ins266_m=4_j=60_t=60_sw=l_dens=d_var=6,411,673.0,675.48,746.0,9.47679270639598,,
ins266_m=4_j=60_t=60_sw=l_dens=d_var=6,412,673.0,676.08,727.0,10.3418373609335,,
ins266_m=4_j=60_t=60_sw=l_dens=d_var=6,413,673.0,676.24,715.0,9.244587605729098,,
ins266_m=4_j=60_t=60_sw=l_dens=d_var=6,414,673.0,674.26,711.0,5.840582162764257,,
ins266_m=4_j=60_t=60_sw=l_dens=d_var=6,415,673.0,675.65,721.0,8.653756409791068,,
ins266_m=4_j=60_t=60_sw=l_dens=d_var=6,416,673.0,677.52,733.0,11.885688873599205,,
ins266_m=4_j=60_t=60_sw=l_dens=d_var=6,417,673.0,678.24,727.0,12.766456047000672,,
ins266_m=4_j=60_t=60_sw=l_dens=d_var=6,418,673.0,675.06,718.0,7.303177390697833,,
ins266_m=4_j=60_t=60_sw=l_dens=d_var=6,419,673.0,676.07,721.0,9.404525506371918,,
ins266_m=4_j=60_t=60_sw=l_dens=d_var=6,420,673.0,679.43,731.0,13.509444844256185,,
ins266_m=4_j=60_t=60_sw=l_dens=d_var=6,421,673.0,676.26,727.0,10.362065431177317,,
ins266_m=4_j=60_t=60_sw=l_dens=d_var=6,422,673.0,675.08,734.0,8.506091934607806,,
ins266_m=4_j=60_t=60_sw=l_dens=d_var=6,423,673.0,676.6,718.0,10.248902380255167,,
ins266_m=4_j=60_t=60_sw=l_dens=d_var=6,424,673.0,676.34,727.0,10.029177433867645,,
ins266_m=4_j=60_t=60_sw=l_dens=d_var=6,425,673.0,675.93,731.0,8.887356187303398,,
ins266_m=4_j=60_t=60_sw=l_dens=d_var=6,426,673.0,675.58,725.0,9.282435025358378,,
ins266_m=4_j=60_t=60_sw=l_dens=d_var=6,427,673.0,675.03,715.0,7.542486327465235,,
ins266_m=4_j=60_t=60_sw=l_dens=d_var=6,428,673.0,676.45,749.0,11.24044038283198,,
ins266_m=4_j=60_t=60_sw=l_dens=d_var=6,429,673.0,676.15,726.0,10.575797842243395,,
ins266_m=4_j=60_t=60_sw=l_dens=d_var=6,430,673.0,673.99,723.0,5.75064344225931,,
ins266_m=4_j=60_t=60_sw=l_dens=d_var=6,431,673.0,676.85,734.0,11.94183821695806,,
ins266_m=4_j=60_t=60_sw=l_dens=d_var=6,432,673.0,675.8,751.0,10.86922260329597,,
ins266_m=4_j=60_t=60_sw=l_dens=d_var=6,433,673.0,676.55,733.0,10.219955968593991,,
ins266_m=4_j=60_t=60_sw=l_dens=d_var=6,434,673.0,678.51,737.0,13.128971779998617,,
ins266_m=4_j=60_t=60_sw=l_dens=d_var=6,435,673.0,676.21,731.0,9.85524733327378,,
ins266_m=4_j=60_t=60_sw=l_dens=d_var=6,436,673.0,674.66,711.0,6.290023847331584,,
ins266_m=4_j=60_t=60_sw=l_dens=d_var=6,437,673.0,678.94,741.0,14.024136337044073,,
ins266_m=4_j=60_t=60_sw=l_dens=d_var=6,438,673.0,676.41,738.0,12.450779092088977,,
ins266_m=4_j=60_t=60_sw=l_dens=d_var=6,439,673.0,676.76,722.0,10.297689061143767,,
ins266_m=4_j=60_t=60_sw=l_dens=d_var=6,440,673.0,676.34,733.0,10.971982500897456,,
ins266_m=4_j=60_t=60_sw=l_dens=d_var=6,441,673.0,675.43,713.0,6.987495974954118,,
ins266_m=4_j=60_t=60_sw=l_dens=d_var=6,442,673.0,675.89,734.0,8.959793524406688,,
ins266_m=4_j=60_t=60_sw=l_dens=d_var=6,443,673.0,676.57,721.0,11.1303683676687,,
ins266_m=4_j=60_t=60_sw=l_dens=d_var=6,444,673.0,678.06,746.0,14.523649679057947,,
ins266_m=4_j=60_t=60_sw=l_dens=d_var=6,445,673.0,677.69,751.0,13.319680927109326,,
ins266_m=4_j=60_t=60_sw=l_dens=d_var=6,446,673.0,677.37,731.0,11.638432024976561,,
ins266_m=4_j=60_t=60_sw=l_dens=d_var=6,447,673.0,677.11,721.0,11.346272515676679,,
ins266_m=4_j=60_t=60_sw=l_dens=d_var=6,448,673.0,677.9,730.0,13.143439428094911,,
ins266_m=4_j=60_t=60_sw=l_dens=d_var=6,449,673.0,677.35,741.0,12.543823181151751,,
ins266_m=4_j=60_t=60_sw=l_dens=d_var=6,450,673.0,676.41,727.0,9.7868227735052,,
ins266_m=4_j=60_t=60_sw=l_dens=d_var=6,451,673.0,675.46,741.0,10.125630844544947,,
ins266_m=4_j=60_t=60_sw=l_dens=d_var=6,452,673.0,677.6,741.0,11.874342087037917,,
ins266_m=4_j=60_t=60_sw=l_dens=d_var=6,453,673.0,675.0,721.0,6.477653896280659,,
ins266_m=4_j=60_t=60_sw=l_dens=d_var=6,454,673.0,676.34,722.0,9.49128020869682,,
ins266_m=4_j=60_t=60_sw=l_dens=d_var=6,455,673.0,675.42,733.0,9.33507364727242,,
ins266_m=4_j=60_t=60_sw=l_dens=d_var=6,456,673.0,675.61,741.0,9.324049549417891,,
ins266_m=4_j=60_t=60_sw=l_dens=d_var=6,457,673.0,678.3,730.0,12.49119690021737,,
ins266_m=4_j=60_t=60_sw=l_dens=d_var=6,458,673.0,678.88,730.0,13.954411488844666,,
ins266_m=4_j=60_t=60_sw=l_dens=d_var=6,459,673.0,676.47,738.0,10.032402503887091,,
ins266_m=4_j=60_t=60_sw=l_dens=d_var=6,460,673.0,676.99,735.0,11.150331833627195,,
ins266_m=4_j=60_t=60_sw=l_dens=d_var=6,461,673.0,676.68,741.0,10.893006931054437,,
ins266_m=4_j=60_t=60_sw=l_dens=d_var=6,462,673.0,675.73,730.0,9.004282314543454,,
ins266_m=4_j=60_t=60_sw=l_dens=d_var=6,463,673.0,674.89,719.0,7.301910708848745,,
ins266_m=4_j=60_t=60_sw=l_dens=d_var=6,464,673.0,676.37,730.0,10.659882738567063,,
ins266_m=4_j=60_t=60_sw=l_dens=d_var=6,465,673.0,676.7,721.0,10.103959619871807,,
ins266_m=4_j=60_t=60_sw=l_dens=d_var=6,466,673.0,675.12,707.0,6.726484966161747,,
ins266_m=4_j=60_t=60_sw=l_dens=d_var=6,467,673.0,675.6,719.0,8.386894538504704,,
ins266_m=4_j=60_t=60_sw=l_dens=d_var=6,468,673.0,676.17,729.0,9.741719560734644,,
ins266_m=4_j=60_t=60_sw=l_dens=d_var=6,469,673.0,678.99,725.0,13.973185034200325,,
ins266_m=4_j=60_t=60_sw=l_dens=d_var=6,470,673.0,676.27,717.0,9.747671516829032,,
ins266_m=4_j=60_t=60_sw=l_dens=d_var=6,471,673.0,674.99,746.0,9.72367728793999,,
ins266_m=4_j=60_t=60_sw=l_dens=d_var=6,472,673.0,676.51,721.0,9.737037537156771,,
ins266_m=4_j=60_t=60_sw=l_dens=d_var=6,473,673.0,678.5,738.0,14.177799547179385,,
ins266_m=4_j=60_t=60_sw=l_dens=d_var=6,474,673.0,678.04,739.0,13.617576876963097,,
ins266_m=4_j=60_t=60_sw=l_dens=d_var=6,475,673.0,677.53,741.0,12.24537055380522,,
ins266_m=4_j=60_t=60_sw=l_dens=d_var=6,476,673.0,674.9,714.0,7.364102117705864,,
ins266_m=4_j=60_t=60_sw=l_dens=d_var=6,477,673.0,675.27,717.0,7.813904273792968,,
ins266_m=4_j=60_t=60_sw=l_dens=d_var=6,478,673.0,675.92,730.0,9.55895391766275,,
ins266_m=4_j=60_t=60_sw=l_dens=d_var=6,479,673.0,678.99,741.0,14.72378687702318,,
ins266_m=4_j=60_t=60_sw=l_dens=d_var=6,480,673.0,675.04,710.0,7.242817131475847,,
ins266_m=4_j=60_t=60_sw=l_dens=d_var=6,481,673.0,676.69,746.0,12.420704488876629,,
ins266_m=4_j=60_t=60_sw=l_dens=d_var=6,482,673.0,675.72,746.0,9.980060120059395,,
ins266_m=4_j=60_t=60_sw=l_dens=d_var=6,483,673.0,675.58,715.0,8.357248350982516,,
ins266_m=4_j=60_t=60_sw=l_dens=d_var=6,484,673.0,677.76,721.0,11.7508467779986,,
ins266_m=4_j=60_t=60_sw=l_dens=d_var=6,485,673.0,676.66,734.0,11.490187117710486,,
ins266_m=4_j=60_t=60_sw=l_dens=d_var=6,486,673.0,677.49,749.0,12.141247876557006,,
ins266_m=4_j=60_t=60_sw=l_dens=d_var=6,487,673.0,676.81,718.0,9.946552166454465,,
ins266_m=4_j=60_t=60_sw=l_dens=d_var=6,488,673.0,676.53,745.0,11.349409676278324,,
ins266_m=4_j=60_t=60_sw=l_dens=d_var=6,489,673.0,678.44,731.0,11.643298501713335,,
ins266_m=4_j=60_t=60_sw=l_dens=d_var=6,490,673.0,676.93,734.0,11.543184136103868,,
ins266_m=4_j=60_t=60_sw=l_dens=d_var=6,491,673.0,676.16,725.0,9.8880938506873,,
ins266_m=4_j=60_t=60_sw=l_dens=d_var=6,492,673.0,675.46,719.0,8.552683789314322,,
ins266_m=4_j=60_t=60_sw=l_dens=d_var=6,493,673.0,676.28,727.0,9.77965234555912,,
ins266_m=4_j=60_t=60_sw=l_dens=d_var=6,494,673.0,677.18,745.0,11.37310863396635,,
ins266_m=4_j=60_t=60_sw=l_dens=d_var=6,495,673.0,677.06,731.0,11.041575974470312,,
ins266_m=4_j=60_t=60_sw=l_dens=d_var=6,496,673.0,678.33,737.0,12.567461955383035,,
ins266_m=4_j=60_t=60_sw=l_dens=d_var=6,497,673.0,677.1,745.0,12.030378215168465,,
ins266_m=4_j=60_t=60_sw=l_dens=d_var=6,498,673.0,676.32,727.0,10.546923722109682,,
ins266_m=4_j=60_t=60_sw=l_dens=d_var=6,499,673.0,677.49,750.0,11.725608726202662,,
ins266_m=4_j=60_t=60_sw=l_dens=d_var=6,500,673.0,675.26,726.0,7.983257480502556,,
ins266_m=4_j=60_t=60_sw=l_dens=d_var=6,501,673.0,675.97,719.0,8.981597853388894,,
ins266_m=4_j=60_t=60_sw=l_dens=d_var=6,502,673.0,676.22,733.0,10.94219356436359,,
ins266_m=4_j=60_t=60_sw=l_dens=d_var=6,503,673.0,675.93,709.0,7.80929574289513,,
ins266_m=4_j=60_t=60_sw=l_dens=d_var=6,504,673.0,679.23,738.0,13.559391579270805,,
ins266_m=4_j=60_t=60_sw=l_dens=d_var=6,505,673.0,675.44,727.0,8.437203328117675,,
ins266_m=4_j=60_t=60_sw=l_dens=d_var=6,506,673.0,677.11,727.0,11.219532075804231,,
ins266_m=4_j=60_t=60_sw=l_dens=d_var=6,507,673.0,676.51,735.0,11.165567607605087,,
ins266_m=4_j=60_t=60_sw=l_dens=d_var=6,508,673.0,677.28,725.0,11.183988555072826,,
ins266_m=4_j=60_t=60_sw=l_dens=d_var=6,509,673.0,675.5,733.0,9.334345183246652,,
ins266_m=4_j=60_t=60_sw=l_dens=d_var=6,510,673.0,674.93,713.0,7.268087781528234,,
ins266_m=4_j=60_t=60_sw=l_dens=d_var=6,511,673.0,677.0,747.0,12.615863030328127,,
ins266_m=4_j=60_t=60_sw=l_dens=d_var=6,512,673.0,675.66,741.0,9.730590937861896,,
ins266_m=4_j=60_t=60_sw=l_dens=d_var=6,513,673.0,677.08,725.0,10.497313942147295,,
ins266_m=4_j=60_t=60_sw=l_dens=d_var=6,514,673.0,677.24,738.0,11.850839632701136,,
ins266_m=4_j=60_t=60_sw=l_dens=d_var=6,515,673.0,675.51,741.0,9.599473943920053,,
ins266_m=4_j=60_t=60_sw=l_dens=d_var=6,516,673.0,674.87,713.0,5.95760858063032,,
ins266_m=4_j=60_t=60_sw=l_dens=d_var=6,517,673.0,676.38,727.0,10.377649059396832,,
ins266_m=4_j=60_t=60_sw=l_dens=d_var=6,518,673.0,676.78,727.0,11.462617502124024,,
ins266_m=4_j=60_t=60_sw=l_dens=d_var=6,519,673.0,676.83,729.0,11.18128346836802,,
ins266_m=4_j=60_t=60_sw=l_dens=d_var=6,520,673.0,675.36,725.0,8.786944861554556,,
ins266_m=4_j=60_t=60_sw=l_dens=d_var=6,521,673.0,678.09,723.0,11.575055075462922,,
ins266_m=4_j=60_t=60_sw=l_dens=d_var=6,522,673.0,675.79,735.0,9.00588141161097,,
ins266_m=4_j=60_t=60_sw=l_dens=d_var=6,523,673.0,679.22,733.0,14.409427469542292,,
ins266_m=4_j=60_t=60_sw=l_dens=d_var=6,524,673.0,677.09,747.0,12.929110564922864,,
ins266_m=4_j=60_t=60_sw=l_dens=d_var=6,525,673.0,674.03,707.0,4.563890883884057,,
ins266_m=4_j=60_t=60_sw=l_dens=d_var=6,526,673.0,676.76,731.0,11.206355339716835,,
ins266_m=4_j=60_t=60_sw=l_dens=d_var=6,527,673.0,674.82,721.0,7.710226974609762,,
ins266_m=4_j=60_t=60_sw=l_dens=d_var=6,528,673.0,676.48,713.0,9.32360445321443,,
ins266_m=4_j=60_t=60_sw=l_dens=d_var=6,529,673.0,677.59,731.0,12.884172460814083,,
ins266_m=4_j=60_t=60_sw=l_dens=d_var=6,530,673.0,677.57,741.0,12.574780316172525,,
ins266_m=4_j=60_t=60_sw=l_dens=d_var=6,531,673.0,675.99,719.0,9.133996934529812,,
ins266_m=4_j=60_t=60_sw=l_dens=d_var=6,532,673.0,676.53,734.0,12.44544494986017,,
ins266_m=4_j=60_t=60_sw=l_dens=d_var=6,533,673.0,676.06,739.0,11.193587449964376,,
ins266_m=4_j=60_t=60_sw=l_dens=d_var=6,534,673.0,676.55,721.0,10.083030298476743,,
ins266_m=4_j=60_t=60_sw=l_dens=d_var=6,535,673.0,675.77,727.0,9.62169943409167,,
ins266_m=4_j=60_t=60_sw=l_dens=d_var=6,536,673.0,676.9,717.0,10.414893182361496,,
ins266_m=4_j=60_t=60_sw=l_dens=d_var=6,537,673.0,677.12,731.0,11.314839813271771,,
ins266_m=4_j=60_t=60_sw=l_dens=d_var=6,538,673.0,677.42,735.0,12.746120978556574,,
ins266_m=4_j=60_t=60_sw=l_dens=d_var=6,539,673.0,675.61,714.0,8.002368399417763,,
ins266_m=4_j=60_t=60_sw=l_dens=d_var=6,540,673.0,675.38,738.0,9.415710275916522,,
ins266_m=4_j=60_t=60_sw=l_dens=d_var=6,541,673.0,676.03,731.0,10.36094107694856,,
ins266_m=4_j=60_t=60_sw=l_dens=d_var=6,542,673.0,676.85,731.0,11.125983102629629,,
ins266_m=4_j=60_t=60_sw=l_dens=d_var=6,543,673.0,674.66,721.0,6.65014285560844,,
ins266_m=4_j=60_t=60_sw=l_dens=d_var=6,544,673.0,676.33,739.0,10.546141474491986,,
ins266_m=4_j=60_t=60_sw=l_dens=d_var=6,545,673.0,676.59,741.0,11.752527387757919,,
ins266_m=4_j=60_t=60_sw=l_dens=d_var=6,546,673.0,675.49,725.0,8.060390809383872,,
ins266_m=4_j=60_t=60_sw=l_dens=d_var=6,547,673.0,673.64,701.0,3.651082031398363,,
ins266_m=4_j=60_t=60_sw=l_dens=d_var=6,548,673.0,675.76,735.0,9.751020459418593,,
ins266_m=4_j=60_t=60_sw=l_dens=d_var=6,549,673.0,678.44,742.0,12.681734897087226,,
ins266_m=4_j=60_t=60_sw=l_dens=d_var=6,550,673.0,676.34,731.0,10.758457138456238,,
ins266_m=4_j=60_t=60_sw=l_dens=d_var=6,551,673.0,676.4,727.0,11.496086290559932,,
ins266_m=4_j=60_t=60_sw=l_dens=d_var=6,552,673.0,674.79,722.0,7.411200982297,,
ins266_m=4_j=60_t=60_sw=l_dens=d_var=6,553,673.0,678.23,741.0,14.33656513953046,,
ins266_m=4_j=60_t=60_sw=l_dens=d_var=6,554,673.0,676.47,745.0,11.72130965378869,,
ins266_m=4_j=60_t=60_sw=l_dens=d_var=6,555,673.0,675.84,731.0,9.367731849279204,,
ins266_m=4_j=60_t=60_sw=l_dens=d_var=6,556,673.0,678.6,719.0,11.906300852909775,,
ins266_m=4_j=60_t=60_sw=l_dens=d_var=6,557,673.0,677.33,733.0,10.76016263817606,,
ins266_m=4_j=60_t=60_sw=l_dens=d_var=6,558,673.0,676.19,727.0,10.056535188622371,,
ins266_m=4_j=60_t=60_sw=l_dens=d_var=6,559,673.0,675.37,726.0,8.116224491720272,,
ins266_m=4_j=60_t=60_sw=l_dens=d_var=6,560,673.0,676.03,725.0,9.236292546254694,,
ins266_m=4_j=60_t=60_sw=l_dens=d_var=6,561,673.0,676.24,742.0,9.441525300500974,,
ins266_m=4_j=60_t=60_sw=l_dens=d_var=6,562,673.0,678.34,749.0,13.60310258727765,,
ins266_m=4_j=60_t=60_sw=l_dens=d_var=6,563,673.0,675.36,735.0,9.651445487594074,,
ins266_m=4_j=60_t=60_sw=l_dens=d_var=6,564,673.0,676.78,742.0,11.69237358281029,,
ins266_m=4_j=60_t=60_sw=l_dens=d_var=6,565,673.0,675.42,717.0,8.043854797297126,,
ins266_m=4_j=60_t=60_sw=l_dens=d_var=6,566,673.0,676.8,726.0,11.773699503554523,,
ins266_m=4_j=60_t=60_sw=l_dens=d_var=6,567,673.0,676.37,741.0,12.234913158661978,,
ins266_m=4_j=60_t=60_sw=l_dens=d_var=6,568,673.0,675.84,731.0,10.232028146951123,,
ins266_m=4_j=60_t=60_sw=l_dens=d_var=6,569,673.0,675.68,714.0,8.848593108511658,,
ins266_m=4_j=60_t=60_sw=l_dens=d_var=6,570,673.0,675.4,717.0,7.949842765740717,,
ins266_m=4_j=60_t=60_sw=l_dens=d_var=6,571,673.0,674.44,721.0,6.063530324819033,,
ins266_m=4_j=60_t=60_sw=l_dens=d_var=6,572,673.0,678.2,735.0,13.498148021117562,,
ins266_m=4_j=60_t=60_sw=l_dens=d_var=6,573,673.0,676.03,745.0,11.20308439671861,,
ins266_m=4_j=60_t=60_sw=l_dens=d_var=6,574,673.0,675.61,726.0,9.21183477923915,,
ins266_m=4_j=60_t=60_sw=l_dens=d_var=6,575,673.0,674.54,727.0,7.776143002800296,,
ins266_m=4_j=60_t=60_sw=l_dens=d_var=6,576,673.0,675.67,734.0,10.335429357312641,,
ins266_m=4_j=60_t=60_sw=l_dens=d_var=6,577,673.0,677.25,731.0,12.493498309120628,,
ins266_m=4_j=60_t=60_sw=l_dens=d_var=6,578,673.0,676.4,741.0,10.114346246792225,,
ins266_m=4_j=60_t=60_sw=l_dens=d_var=6,579,673.0,677.03,726.0,10.726094349762171,,
ins266_m=4_j=60_t=60_sw=l_dens=d_var=6,580,673.0,675.57,731.0,8.852406452485111,,
ins266_m=4_j=60_t=60_sw=l_dens=d_var=6,581,673.0,675.81,737.0,10.435224003345592,,
ins266_m=4_j=60_t=60_sw=l_dens=d_var=6,582,673.0,677.09,749.0,13.05074327385226,,
ins266_m=4_j=60_t=60_sw=l_dens=d_var=6,583,673.0,676.79,731.0,11.210080285171912,,
ins266_m=4_j=60_t=60_sw=l_dens=d_var=6,584,673.0,675.59,731.0,9.945948924059483,,
ins266_m=4_j=60_t=60_sw=l_dens=d_var=6,585,673.0,676.67,727.0,11.186648291601912,,
ins266_m=4_j=60_t=60_sw=l_dens=d_var=6,586,673.0,676.54,755.0,12.885200813336201,,
ins266_m=4_j=60_t=60_sw=l_dens=d_var=6,587,673.0,676.99,735.0,12.056114631173676,,
ins266_m=4_j=60_t=60_sw=l_dens=d_var=6,588,673.0,675.41,735.0,8.309145563774894,,
ins266_m=4_j=60_t=60_sw=l_dens=d_var=6,589,673.0,674.84,726.0,7.6690547005481715,,
ins266_m=4_j=60_t=60_sw=l_dens=d_var=6,590,673.0,676.11,723.0,9.82537022203235,,
ins266_m=4_j=60_t=60_sw=l_dens=d_var=6,591,673.0,675.93,723.0,9.755260119545763,,
ins266_m=4_j=60_t=60_sw=l_dens=d_var=6,592,673.0,674.56,730.0,7.1684307906263545,,
ins266_m=4_j=60_t=60_sw=l_dens=d_var=6,593,673.0,674.99,731.0,8.475252208636627,,
ins266_m=4_j=60_t=60_sw=l_dens=d_var=6,594,673.0,676.96,731.0,11.255149932364294,,
ins266_m=4_j=60_t=60_sw=l_dens=d_var=6,595,673.0,675.11,726.0,7.870063532145086,,
ins266_m=4_j=60_t=60_sw=l_dens=d_var=6,596,673.0,674.81,741.0,8.399636896914059,,
ins266_m=4_j=60_t=60_sw=l_dens=d_var=6,597,673.0,676.76,741.0,11.517048232945802,,
ins266_m=4_j=60_t=60_sw=l_dens=d_var=6,598,673.0,674.82,699.0,5.987286530641406,,
ins266_m=4_j=60_t=60_sw=l_dens=d_var=6,599,673.0,677.16,747.0,12.445657877348228,,
ins266_m=4_j=60_t=60_sw=l_dens=d_var=6,600,673.0,675.79,725.0,9.562734964433552,,
ins266_m=4_j=60_t=60_sw=l_dens=d_var=6,601,673.0,676.81,734.0,11.721514407276901,,
ins266_m=4_j=60_t=60_sw=l_dens=d_var=6,602,673.0,676.9,731.0,10.90642012761291,,
ins266_m=4_j=60_t=60_sw=l_dens=d_var=6,603,673.0,676.24,723.0,10.405882951484706,,
ins266_m=4_j=60_t=60_sw=l_dens=d_var=6,604,673.0,676.88,751.0,12.177257490913131,,
ins266_m=4_j=60_t=60_sw=l_dens=d_var=6,605,673.0,675.38,727.0,8.642661627068366,,
ins266_m=4_j=60_t=60_sw=l_dens=d_var=6,606,673.0,675.51,749.0,9.959412633283153,,
ins266_m=4_j=60_t=60_sw=l_dens=d_var=6,607,673.0,675.81,731.0,10.432348728833789,,
ins266_m=4_j=60_t=60_sw=l_dens=d_var=6,608,673.0,677.75,749.0,14.64948804566221,,
ins266_m=4_j=60_t=60_sw=l_dens=d_var=6,609,673.0,676.51,731.0,10.536123575585094,,
ins266_m=4_j=60_t=60_sw=l_dens=d_var=6,610,673.0,674.99,737.0,8.271027747505144,,
ins266_m=4_j=60_t=60_sw=l_dens=d_var=6,611,673.0,675.54,713.0,7.575513183936781,,
ins266_m=4_j=60_t=60_sw=l_dens=d_var=6,612,673.0,674.79,729.0,7.87565235393234,,
ins266_m=4_j=60_t=60_sw=l_dens=d_var=6,613,673.0,674.04,705.0,4.703020306143703,,
ins266_m=4_j=60_t=60_sw=l_dens=d_var=6,614,673.0,675.52,754.0,10.712123972396883,,
ins266_m=4_j=60_t=60_sw=l_dens=d_var=6,615,673.0,675.46,737.0,9.655485487535051,,
ins266_m=4_j=60_t=60_sw=l_dens=d_var=6,616,673.0,676.06,737.0,9.908400476363477,,
ins266_m=4_j=60_t=60_sw=l_dens=d_var=6,617,673.0,675.19,739.0,9.332411263976741,,
ins266_m=4_j=60_t=60_sw=l_dens=d_var=6,618,673.0,676.09,715.0,8.473600179380663,,
ins266_m=4_j=60_t=60_sw=l_dens=d_var=6,619,673.0,675.39,713.0,7.552344006995444,,
ins266_m=4_j=60_t=60_sw=l_dens=d_var=6,620,673.0,676.27,737.0,11.601599027720274,,
ins266_m=4_j=60_t=60_sw=l_dens=d_var=6,621,673.0,678.9,751.0,14.589379698945395,,
ins266_m=4_j=60_t=60_sw=l_dens=d_var=6,622,673.0,676.25,721.0,9.094366388044854,,
ins266_m=4_j=60_t=60_sw=l_dens=d_var=6,623,673.0,675.07,721.0,8.53141840493127,,
ins266_m=4_j=60_t=60_sw=l_dens=d_var=6,624,673.0,677.53,729.0,12.85414719069297,,
ins266_m=4_j=60_t=60_sw=l_dens=d_var=6,625,673.0,676.85,721.0,10.533161918436459,,
ins266_m=4_j=60_t=60_sw=l_dens=d_var=6,626,673.0,676.2,725.0,9.778547949465707,,
ins266_m=4_j=60_t=60_sw=l_dens=d_var=6,627,673.0,676.39,729.0,11.095850575778316,,
ins266_m=4_j=60_t=60_sw=l_dens=d_var=6,628,673.0,677.04,746.0,12.792122576023104,,
ins266_m=4_j=60_t=60_sw=l_dens=d_var=6,629,673.0,677.42,734.0,12.304617019639416,,
ins266_m=4_j=60_t=60_sw=l_dens=d_var=6,630,673.0,674.27,702.0,5.323260279189814,,
ins266_m=4_j=60_t=60_sw=l_dens=d_var=6,631,673.0,675.72,722.0,8.84881913025687,,
ins266_m=4_j=60_t=60_sw=l_dens=d_var=6,632,673.0,677.84,737.0,13.22552078369695,,
ins266_m=4_j=60_t=60_sw=l_dens=d_var=6,633,673.0,676.2,746.0,10.502380682492898,,
ins266_m=4_j=60_t=60_sw=l_dens=d_var=6,634,673.0,676.24,737.0,11.010104450004098,,
ins266_m=4_j=60_t=60_sw=l_dens=d_var=6,635,673.0,675.21,726.0,8.974736764941913,,
ins266_m=4_j=60_t=60_sw=l_dens=d_var=6,636,673.0,674.31,711.0,5.934130096315719,,
ins266_m=4_j=60_t=60_sw=l_dens=d_var=6,637,673.0,675.11,707.0,6.904918536811278,,
ins266_m=4_j=60_t=60_sw=l_dens=d_var=6,638,673.0,676.79,741.0,12.132019617524527,,
ins266_m=4_j=60_t=60_sw=l_dens=d_var=6,639,673.0,677.11,746.0,12.66167050590087,,
ins266_m=4_j=60_t=60_sw=l_dens=d_var=6,640,673.0,675.57,726.0,9.192665554669114,,
ins266_m=4_j=60_t=60_sw=l_dens=d_var=6,641,673.0,677.28,731.0,11.898806662854893,,
ins266_m=4_j=60_t=60_sw=l_dens=d_var=6,642,673.0,675.52,721.0,8.59590600227806,,
ins266_m=4_j=60_t=60_sw=l_dens=d_var=6,643,673.0,674.96,713.0,6.86282740566889,,
ins266_m=4_j=60_t=60_sw=l_dens=d_var=6,644,673.0,675.0,745.0,9.405317644821997,,
ins266_m=4_j=60_t=60_sw=l_dens=d_var=6,645,673.0,674.6,725.0,6.780855403265875,,
ins266_m=4_j=60_t=60_sw=l_dens=d_var=6,646,673.0,677.64,741.0,12.83317575660834,,
ins266_m=4_j=60_t=60_sw=l_dens=d_var=6,647,673.0,677.1,745.0,14.013921649559771,,
ins266_m=4_j=60_t=60_sw=l_dens=d_var=6,648,673.0,677.34,746.0,11.76028911209244,,
ins266_m=4_j=60_t=60_sw=l_dens=d_var=6,649,673.0,678.15,750.0,13.185882602237895,,
ins266_m=4_j=60_t=60_sw=l_dens=d_var=6,650,673.0,677.73,726.0,11.727621242178653,,
ins266_m=4_j=60_t=60_sw=l_dens=d_var=6,651,673.0,675.45,719.0,8.980395314238677,,
ins266_m=4_j=60_t=60_sw=l_dens=d_var=6,652,673.0,678.07,733.0,12.761077540709483,,
ins266_m=4_j=60_t=60_sw=l_dens=d_var=6,653,673.0,674.34,705.0,4.821244652576759,,
ins266_m=4_j=60_t=60_sw=l_dens=d_var=6,654,673.0,675.51,709.0,7.495992262536029,,
ins266_m=4_j=60_t=60_sw=l_dens=d_var=6,655,673.0,675.83,713.0,7.993816360162396,,
ins266_m=4_j=60_t=60_sw=l_dens=d_var=6,656,673.0,676.96,727.0,11.13815065439501,,
ins266_m=4_j=60_t=60_sw=l_dens=d_var=6,657,673.0,676.17,738.0,10.095598050635733,,
ins266_m=4_j=60_t=60_sw=l_dens=d_var=6,658,673.0,676.12,717.0,9.299763437851523,,
ins266_m=4_j=60_t=60_sw=l_dens=d_var=6,659,673.0,676.34,742.0,10.886891199970723,,
ins266_m=4_j=60_t=60_sw=l_dens=d_var=6,660,673.0,676.85,738.0,12.58362030577846,,
ins266_m=4_j=60_t=60_sw=l_dens=d_var=6,661,673.0,676.81,745.0,11.252284212549913,,
ins266_m=4_j=60_t=60_sw=l_dens=d_var=6,662,673.0,676.83,726.0,10.415426059456234,,
ins266_m=4_j=60_t=60_sw=l_dens=d_var=6,663,673.0,675.78,742.0,9.79650958249927,,
ins266_m=4_j=60_t=60_sw=l_dens=d_var=6,664,673.0,675.87,727.0,10.132773559100192,,
ins266_m=4_j=60_t=60_sw=l_dens=d_var=6,665,673.0,675.63,735.0,9.69190899668378,,
ins266_m=4_j=60_t=60_sw=l_dens=d_var=6,666,673.0,675.5,713.0,7.725930364687478,,
ins266_m=4_j=60_t=60_sw=l_dens=d_var=6,667,673.0,676.5,733.0,9.706183596038146,,
ins266_m=4_j=60_t=60_sw=l_dens=d_var=6,668,673.0,674.38,727.0,6.262236022380504,,
ins266_m=4_j=60_t=60_sw=l_dens=d_var=6,669,673.0,674.31,707.0,5.735320392096678,,
ins266_m=4_j=60_t=60_sw=l_dens=d_var=6,670,673.0,676.37,742.0,10.828347057607639,,
ins266_m=4_j=60_t=60_sw=l_dens=d_var=6,671,673.0,677.28,745.0,13.028491854393582,,
ins266_m=4_j=60_t=60_sw=l_dens=d_var=6,672,673.0,676.02,735.0,11.042626499162234,,
ins266_m=4_j=60_t=60_sw=l_dens=d_var=6,673,673.0,674.61,699.0,5.7790916241222545,,
ins266_m=4_j=60_t=60_sw=l_dens=d_var=6,674,673.0,675.26,710.0,7.414337461971906,,
ins266_m=4_j=60_t=60_sw=l_dens=d_var=6,675,673.0,675.41,711.0,7.420370610690547,,
ins266_m=4_j=60_t=60_sw=l_dens=d_var=6,676,673.0,675.37,711.0,7.909051776287723,,
ins266_m=4_j=60_t=60_sw=l_dens=d_var=6,677,673.0,674.37,711.0,5.264323318338265,,
ins266_m=4_j=60_t=60_sw=l_dens=d_var=6,678,673.0,676.15,742.0,10.87140745257945,,
ins266_m=4_j=60_t=60_sw=l_dens=d_var=6,679,673.0,677.26,750.0,13.069521796913612,,
ins266_m=4_j=60_t=60_sw=l_dens=d_var=6,680,673.0,678.35,738.0,12.43010458523982,,
ins266_m=4_j=60_t=60_sw=l_dens=d_var=6,681,673.0,675.26,741.0,10.580756116648756,,
ins266_m=4_j=60_t=60_sw=l_dens=d_var=6,682,673.0,677.46,742.0,12.420483082392568,,
ins266_m=4_j=60_t=60_sw=l_dens=d_var=6,683,673.0,676.12,725.0,9.339464652751783,,
ins266_m=4_j=60_t=60_sw=l_dens=d_var=6,684,673.0,675.92,738.0,10.658968055116782,,
ins266_m=4_j=60_t=60_sw=l_dens=d_var=6,685,673.0,676.96,742.0,11.51687457602973,,
ins266_m=4_j=60_t=60_sw=l_dens=d_var=6,686,673.0,676.48,715.0,9.47890289010284,,
ins266_m=4_j=60_t=60_sw=l_dens=d_var=6,687,673.0,677.27,735.0,12.26201859401624,,
ins266_m=4_j=60_t=60_sw=l_dens=d_var=6,688,673.0,674.17,713.0,5.475499977171036,,
ins266_m=4_j=60_t=60_sw=l_dens=d_var=6,689,673.0,675.43,726.0,8.864823743312666,,
ins266_m=4_j=60_t=60_sw=l_dens=d_var=6,690,673.0,677.14,735.0,12.511610607751505,,
ins266_m=4_j=60_t=60_sw=l_dens=d_var=6,691,673.0,677.01,719.0,10.038421190605622,,
ins266_m=4_j=60_t=60_sw=l_dens=d_var=6,692,673.0,674.68,705.0,6.402936826175938,,
ins266_m=4_j=60_t=60_sw=l_dens=d_var=6,693,673.0,673.95,719.0,5.5161127617190715,,
ins266_m=4_j=60_t=60_sw=l_dens=d_var=6,694,673.0,677.23,733.0,12.517871224773005,,
ins266_m=4_j=60_t=60_sw=l_dens=d_var=6,695,673.0,678.09,746.0,13.74124812380593,,
ins266_m=4_j=60_t=60_sw=l_dens=d_var=6,696,673.0,675.1,717.0,7.22288031189774,,
ins266_m=4_j=60_t=60_sw=l_dens=d_var=6,697,673.0,675.86,713.0,8.275288514607814,,
ins266_m=4_j=60_t=60_sw=l_dens=d_var=6,698,673.0,675.43,739.0,9.09203497573563,,
ins266_m=4_j=60_t=60_sw=l_dens=d_var=6,699,673.0,678.44,746.0,12.959413566979022,,
ins266_m=4_j=60_t=60_sw=l_dens=d_var=6,700,673.0,675.72,725.0,9.181590276199433,,
ins266_m=4_j=60_t=60_sw=l_dens=d_var=6,701,673.0,675.98,723.0,10.16167309058897,,
ins266_m=4_j=60_t=60_sw=l_dens=d_var=6,702,673.0,674.76,742.0,7.908375307229672,,
ins266_m=4_j=60_t=60_sw=l_dens=d_var=6,703,673.0,675.29,717.0,8.219847930466841,,
ins266_m=4_j=60_t=60_sw=l_dens=d_var=6,704,673.0,677.62,746.0,13.719897958804214,,
ins266_m=4_j=60_t=60_sw=l_dens=d_var=6,705,673.0,675.71,713.0,8.823032358548845,,
ins266_m=4_j=60_t=60_sw=l_dens=d_var=6,706,673.0,674.96,725.0,8.80445341858312,,
ins266_m=4_j=60_t=60_sw=l_dens=d_var=6,707,673.0,676.5,727.0,10.747557862137798,,
ins266_m=4_j=60_t=60_sw=l_dens=d_var=6,708,673.0,674.46,711.0,5.757464719822433,,
ins266_m=4_j=60_t=60_sw=l_dens=d_var=6,709,673.0,674.76,706.0,6.603211339946647,,
ins266_m=4_j=60_t=60_sw=l_dens=d_var=6,710,673.0,675.01,741.0,8.926919961554491,,
ins266_m=4_j=60_t=60_sw=l_dens=d_var=6,711,673.0,677.28,727.0,10.903283908988152,,
ins266_m=4_j=60_t=60_sw=l_dens=d_var=6,712,673.0,676.82,715.0,9.71841550871334,,
ins266_m=4_j=60_t=60_sw=l_dens=d_var=6,713,673.0,678.94,738.0,15.698292900822048,,
ins266_m=4_j=60_t=60_sw=l_dens=d_var=6,714,673.0,677.23,737.0,11.528967863603404,,
ins266_m=4_j=60_t=60_sw=l_dens=d_var=6,715,673.0,675.16,717.0,7.777814603087426,,
ins266_m=4_j=60_t=60_sw=l_dens=d_var=6,716,673.0,678.36,734.0,13.853894759236477,,
ins266_m=4_j=60_t=60_sw=l_dens=d_var=6,717,673.0,677.03,739.0,11.713628814334179,,
ins266_m=4_j=60_t=60_sw=l_dens=d_var=6,718,673.0,676.17,729.0,10.351864566347457,,
ins266_m=4_j=60_t=60_sw=l_dens=d_var=6,719,673.0,676.6,723.0,10.084641788382967,,
ins266_m=4_j=60_t=60_sw=l_dens=d_var=6,720,673.0,678.03,739.0,13.248739562690478,,
ins266_m=4_j=60_t=60_sw=l_dens=d_var=6,721,673.0,675.1,742.0,9.512623192369178,,
ins266_m=4_j=60_t=60_sw=l_dens=d_var=6,722,673.0,674.91,725.0,7.787290928172646,,
ins266_m=4_j=60_t=60_sw=l_dens=d_var=6,723,673.0,676.67,734.0,11.678231886719841,,
ins266_m=4_j=60_t=60_sw=l_dens=d_var=6,724,673.0,676.44,735.0,10.154132163804054,,
ins266_m=4_j=60_t=60_sw=l_dens=d_var=6,725,673.0,676.31,745.0,10.412199575497963,,
ins266_m=4_j=60_t=60_sw=l_dens=d_var=6,726,673.0,675.32,723.0,7.942140769339209,,
ins266_m=4_j=60_t=60_sw=l_dens=d_var=6,727,673.0,676.31,721.0,9.2743679029894,,
ins266_m=4_j=60_t=60_sw=l_dens=d_var=6,728,673.0,676.79,737.0,11.231469182613644,,
ins266_m=4_j=60_t=60_sw=l_dens=d_var=6,729,673.0,675.5,733.0,8.389874850079709,,
ins266_m=4_j=60_t=60_sw=l_dens=d_var=6,730,673.0,675.49,731.0,8.92691996155449,,
ins266_m=4_j=60_t=60_sw=l_dens=d_var=6,731,673.0,677.06,715.0,9.392358596220653,,
ins266_m=4_j=60_t=60_sw=l_dens=d_var=6,732,673.0,677.16,741.0,12.946598008743456,,
ins266_m=4_j=60_t=60_sw=l_dens=d_var=6,733,673.0,677.04,726.0,11.507319409836507,,
ins266_m=4_j=60_t=60_sw=l_dens=d_var=6,734,673.0,676.28,725.0,10.480534337523064,,
ins266_m=4_j=60_t=60_sw=l_dens=d_var=6,735,673.0,675.65,737.0,10.19938723649612,,
ins266_m=4_j=60_t=60_sw=l_dens=d_var=6,736,673.0,676.95,746.0,12.217507929197344,,
ins266_m=4_j=60_t=60_sw=l_dens=d_var=6,737,673.0,676.32,734.0,11.523784100719691,,
ins266_m=4_j=60_t=60_sw=l_dens=d_var=6,738,673.0,677.02,738.0,12.20408128455395,,
ins266_m=4_j=60_t=60_sw=l_dens=d_var=6,739,673.0,676.99,749.0,12.436635397083892,,
ins266_m=4_j=60_t=60_sw=l_dens=d_var=6,740,673.0,675.06,707.0,6.125063264979392,,
ins266_m=4_j=60_t=60_sw=l_dens=d_var=6,741,673.0,676.9,741.0,11.249444430726344,,
ins266_m=4_j=60_t=60_sw=l_dens=d_var=6,742,673.0,676.1,741.0,10.696261028976435,,
ins266_m=4_j=60_t=60_sw=l_dens=d_var=6,743,673.0,676.61,758.0,12.730981894575141,,
ins266_m=4_j=60_t=60_sw=l_dens=d_var=6,744,673.0,677.27,733.0,11.403381077557654,,
ins266_m=4_j=60_t=60_sw=l_dens=d_var=6,745,673.0,677.02,721.0,10.273246809066743,,
ins266_m=4_j=60_t=60_sw=l_dens=d_var=6,746,673.0,676.97,741.0,11.778331800386674,,
ins266_m=4_j=60_t=60_sw=l_dens=d_var=6,747,673.0,676.18,730.0,10.006377966077435,,
ins266_m=4_j=60_t=60_sw=l_dens=d_var=6,748,673.0,675.48,735.0,9.532554746761226,,
ins266_m=4_j=60_t=60_sw=l_dens=d_var=6,749,673.0,676.57,742.0,11.440502611336619,,
ins266_m=4_j=60_t=60_sw=l_dens=d_var=6,750,673.0,675.96,741.0,10.616892200639507,,
ins266_m=4_j=60_t=60_sw=l_dens=d_var=6,751,673.0,677.13,735.0,10.965997446652993,,
ins266_m=4_j=60_t=60_sw=l_dens=d_var=6,752,673.0,676.1,731.0,9.625487000666512,,
ins266_m=4_j=60_t=60_sw=l_dens=d_var=6,753,673.0,675.46,711.0,7.917600646660578,,
ins266_m=4_j=60_t=60_sw=l_dens=d_var=6,754,673.0,676.24,727.0,10.10061384273253,,
ins266_m=4_j=60_t=60_sw=l_dens=d_var=6,755,673.0,676.91,741.0,11.012806181895694,,
ins266_m=4_j=60_t=60_sw=l_dens=d_var=6,756,673.0,678.13,735.0,13.861929880070814,,
ins266_m=4_j=60_t=60_sw=l_dens=d_var=6,757,673.0,678.29,743.0,13.628862755197147,,
ins266_m=4_j=60_t=60_sw=l_dens=d_var=6,758,673.0,677.5,742.0,13.442841961430627,,
ins266_m=4_j=60_t=60_sw=l_dens=d_var=6,759,673.0,677.49,750.0,12.67950708821128,,
ins266_m=4_j=60_t=60_sw=l_dens=d_var=6,760,673.0,676.43,725.0,9.997254623145297,,
ins266_m=4_j=60_t=60_sw=l_dens=d_var=6,761,673.0,679.35,749.0,16.390469791924822,,
ins266_m=4_j=60_t=60_sw=l_dens=d_var=6,762,673.0,676.58,741.0,11.960083611747871,,
ins266_m=4_j=60_t=60_sw=l_dens=d_var=6,763,673.0,677.43,733.0,12.116315446537364,,
ins266_m=4_j=60_t=60_sw=l_dens=d_var=6,764,673.0,676.07,742.0,11.013859450710273,,
ins266_m=4_j=60_t=60_sw=l_dens=d_var=6,765,673.0,677.42,742.0,12.717845729525108,,
ins266_m=4_j=60_t=60_sw=l_dens=d_var=6,766,673.0,675.34,725.0,8.387156848420087,,
ins266_m=4_j=60_t=60_sw=l_dens=d_var=6,767,673.0,675.77,737.0,10.206718375658259,,
ins266_m=4_j=60_t=60_sw=l_dens=d_var=6,768,673.0,675.2,725.0,7.463243262818115,,
ins266_m=4_j=60_t=60_sw=l_dens=d_var=6,769,673.0,677.34,735.0,10.827021751155764,,
ins266_m=4_j=60_t=60_sw=l_dens=d_var=6,770,673.0,676.6,742.0,11.132834320154055,,
ins266_m=4_j=60_t=60_sw=l_dens=d_var=6,771,673.0,677.21,742.0,11.614038918481373,,
ins266_m=4_j=60_t=60_sw=l_dens=d_var=6,772,673.0,675.5,723.0,8.70804225988827,,
ins266_m=4_j=60_t=60_sw=l_dens=d_var=6,773,673.0,676.79,731.0,10.990263873083302,,
ins266_m=4_j=60_t=60_sw=l_dens=d_var=6,774,673.0,676.57,749.0,11.262552996545676,,
ins266_m=4_j=60_t=60_sw=l_dens=d_var=6,775,673.0,675.96,713.0,8.831670283700587,,
ins266_m=4_j=60_t=60_sw=l_dens=d_var=6,776,673.0,676.32,713.0,9.14426596288625,,
ins266_m=4_j=60_t=60_sw=l_dens=d_var=6,777,673.0,676.7,741.0,11.513036089581236,,
ins266_m=4_j=60_t=60_sw=l_dens=d_var=6,778,673.0,675.76,717.0,8.553502206698727,,
ins266_m=4_j=60_t=60_sw=l_dens=d_var=6,779,673.0,675.67,729.0,8.927547255545612,,
ins266_m=4_j=60_t=60_sw=l_dens=d_var=6,780,673.0,677.29,733.0,10.31435407575288,,
ins266_m=4_j=60_t=60_sw=l_dens=d_var=6,781,673.0,674.9,721.0,7.705193054038297,,
ins266_m=4_j=60_t=60_sw=l_dens=d_var=6,782,673.0,678.1,715.0,11.86212459890723,,
ins266_m=4_j=60_t=60_sw=l_dens=d_var=6,783,673.0,677.3,739.0,12.45110436868955,,
ins266_m=4_j=60_t=60_sw=l_dens=d_var=6,784,673.0,676.83,734.0,11.393906266070474,,
ins266_m=4_j=60_t=60_sw=l_dens=d_var=6,785,673.0,675.72,721.0,9.025608012760136,,
ins266_m=4_j=60_t=60_sw=l_dens=d_var=6,786,673.0,676.42,730.0,9.843962616751446,,
ins266_m=4_j=60_t=60_sw=l_dens=d_var=6,787,673.0,677.57,741.0,13.410633840352217,,
ins266_m=4_j=60_t=60_sw=l_dens=d_var=6,788,673.0,676.32,721.0,9.413692155578488,,
ins266_m=4_j=60_t=60_sw=l_dens=d_var=6,789,673.0,678.23,749.0,14.719276476783769,,
ins266_m=4_j=60_t=60_sw=l_dens=d_var=6,790,673.0,676.92,731.0,10.934056886627213,,
ins266_m=4_j=60_t=60_sw=l_dens=d_var=6,791,673.0,675.89,717.0,8.330540198570558,,
ins266_m=4_j=60_t=60_sw=l_dens=d_var=6,792,673.0,677.72,743.0,14.87352009444973,,
ins266_m=4_j=60_t=60_sw=l_dens=d_var=6,793,673.0,676.77,741.0,11.919609892945322,,
ins266_m=4_j=60_t=60_sw=l_dens=d_var=6,794,673.0,675.79,726.0,9.512407686805691,,
ins266_m=4_j=60_t=60_sw=l_dens=d_var=6,795,673.0,678.46,737.0,12.323489765484451,,
ins266_m=4_j=60_t=60_sw=l_dens=d_var=6,796,673.0,674.61,701.0,5.1573151930049805,,
ins266_m=4_j=60_t=60_sw=l_dens=d_var=6,797,673.0,676.26,717.0,8.547069673285693,,
ins266_m=4_j=60_t=60_sw=l_dens=d_var=6,798,673.0,676.27,735.0,10.211615934806792,,
ins266_m=4_j=60_t=60_sw=l_dens=d_var=6,799,673.0,677.15,739.0,12.312899739703886,,
ins266_m=4_j=60_t=60_sw=l_dens=d_var=6,800,673.0,676.72,717.0,9.606331245590066,,
ins266_m=4_j=60_t=60_sw=l_dens=d_var=6,801,673.0,678.38,745.0,13.126903671467998,,
ins266_m=4_j=60_t=60_sw=l_dens=d_var=6,802,673.0,677.4,734.0,12.523577763562617,,
ins266_m=4_j=60_t=60_sw=l_dens=d_var=6,803,673.0,676.6,742.0,11.38946881992308,,
ins266_m=4_j=60_t=60_sw=l_dens=d_var=6,804,673.0,678.9,749.0,15.034959261667456,,
ins266_m=4_j=60_t=60_sw=l_dens=d_var=6,805,673.0,676.0,742.0,12.31665539016173,,
ins266_m=4_j=60_t=60_sw=l_dens=d_var=6,806,673.0,675.58,749.0,10.90979376523681,,
ins266_m=4_j=60_t=60_sw=l_dens=d_var=6,807,673.0,674.37,714.0,5.406764281897261,,
ins266_m=4_j=60_t=60_sw=l_dens=d_var=6,808,673.0,677.74,734.0,11.764029921757254,,
ins266_m=4_j=60_t=60_sw=l_dens=d_var=6,809,673.0,678.73,739.0,14.843756263156576,,
ins266_m=4_j=60_t=60_sw=l_dens=d_var=6,810,673.0,677.41,742.0,12.292351280369429,,
ins266_m=4_j=60_t=60_sw=l_dens=d_var=6,811,673.0,677.95,734.0,13.56493641710126,,
ins266_m=4_j=60_t=60_sw=l_dens=d_var=6,812,673.0,676.57,741.0,11.782406375609355,,
ins266_m=4_j=60_t=60_sw=l_dens=d_var=6,813,673.0,674.21,714.0,5.459477997024991,,
ins266_m=4_j=60_t=60_sw=l_dens=d_var=6,814,673.0,677.56,727.0,12.308793604573927,,
ins266_m=4_j=60_t=60_sw=l_dens=d_var=6,815,673.0,674.32,731.0,6.645118509101248,,
ins266_m=4_j=60_t=60_sw=l_dens=d_var=6,816,673.0,676.29,726.0,10.604051112664445,,
ins266_m=4_j=60_t=60_sw=l_dens=d_var=6,817,673.0,675.38,725.0,8.306359009818923,,
ins266_m=4_j=60_t=60_sw=l_dens=d_var=6,818,673.0,678.18,742.0,14.767112107653276,,
ins266_m=4_j=60_t=60_sw=l_dens=d_var=6,819,673.0,674.65,709.0,6.119436248544468,,
ins266_m=4_j=60_t=60_sw=l_dens=d_var=6,820,673.0,677.62,735.0,13.696554311212731,,
ins266_m=4_j=60_t=60_sw=l_dens=d_var=6,821,673.0,677.35,725.0,11.560601195439622,,
ins266_m=4_j=60_t=60_sw=l_dens=d_var=6,822,673.0,676.15,714.0,9.03922009910147,,
ins266_m=4_j=60_t=60_sw=l_dens=d_var=6,823,673.0,677.28,718.0,10.700542042345331,,
ins266_m=4_j=60_t=60_sw=l_dens=d_var=6,824,673.0,680.81,741.0,16.959772993763803,,
ins266_m=4_j=60_t=60_sw=l_dens=d_var=6,825,673.0,676.26,717.0,9.082532686426182,,
ins266_m=4_j=60_t=60_sw=l_dens=d_var=6,826,673.0,674.65,713.0,5.911641058115757,,
ins266_m=4_j=60_t=60_sw=l_dens=d_var=6,827,673.0,675.88,725.0,8.680184329840005,,
ins266_m=4_j=60_t=60_sw=l_dens=d_var=6,828,673.0,677.27,749.0,14.610855553320619,,
ins266_m=4_j=60_t=60_sw=l_dens=d_var=6,829,673.0,677.39,735.0,12.356289896243128,,
ins266_m=4_j=60_t=60_sw=l_dens=d_var=6,830,673.0,676.75,737.0,12.587593097967538,,
ins266_m=4_j=60_t=60_sw=l_dens=d_var=6,831,673.0,675.56,734.0,9.797264924457231,,
ins266_m=4_j=60_t=60_sw=l_dens=d_var=6,832,673.0,677.0,718.0,10.238163897887159,,
ins266_m=4_j=60_t=60_sw=l_dens=d_var=6,833,673.0,676.14,734.0,9.590641271573032,,
ins266_m=4_j=60_t=60_sw=l_dens=d_var=6,834,673.0,677.14,742.0,11.543846845830899,,
ins266_m=4_j=60_t=60_sw=l_dens=d_var=6,835,673.0,677.51,747.0,12.780841130379487,,
ins266_m=4_j=60_t=60_sw=l_dens=d_var=6,836,673.0,676.22,742.0,10.549483399674127,,
ins266_m=4_j=60_t=60_sw=l_dens=d_var=6,837,673.0,675.98,745.0,11.758384242743558,,
ins266_m=4_j=60_t=60_sw=l_dens=d_var=6,838,673.0,678.78,738.0,13.91084469038455,,
ins266_m=4_j=60_t=60_sw=l_dens=d_var=6,839,673.0,676.75,727.0,11.191402950479445,,
ins266_m=4_j=60_t=60_sw=l_dens=d_var=6,840,673.0,678.7,745.0,14.861695730972292,,
ins266_m=4_j=60_t=60_sw=l_dens=d_var=6,841,673.0,678.25,734.0,12.935513132458256,,
ins266_m=4_j=60_t=60_sw=l_dens=d_var=6,842,673.0,678.6,729.0,12.768711759609895,,
ins266_m=4_j=60_t=60_sw=l_dens=d_var=6,843,673.0,674.73,710.0,5.981396158088845,,
ins266_m=4_j=60_t=60_sw=l_dens=d_var=6,844,673.0,676.54,735.0,10.87604707602905,,
ins266_m=4_j=60_t=60_sw=l_dens=d_var=6,845,673.0,676.26,742.0,10.369783025695378,,
ins266_m=4_j=60_t=60_sw=l_dens=d_var=6,846,673.0,675.98,745.0,10.792571519336807,,
ins266_m=4_j=60_t=60_sw=l_dens=d_var=6,847,673.0,678.11,749.0,12.818654375557522,,
ins266_m=4_j=60_t=60_sw=l_dens=d_var=6,848,673.0,675.9,733.0,9.243916918709298,,
ins266_m=4_j=60_t=60_sw=l_dens=d_var=6,849,673.0,675.64,717.0,8.84592561578493,,
ins266_m=4_j=60_t=60_sw=l_dens=d_var=6,850,673.0,676.97,742.0,12.066030830393231,,
ins266_m=4_j=60_t=60_sw=l_dens=d_var=6,851,673.0,678.51,745.0,14.636594549279557,,
ins266_m=4_j=60_t=60_sw=l_dens=d_var=6,852,673.0,674.6,727.0,6.948381106416083,,
ins266_m=4_j=60_t=60_sw=l_dens=d_var=6,853,673.0,676.07,739.0,10.17571127735059,,
ins266_m=4_j=60_t=60_sw=l_dens=d_var=6,854,673.0,678.33,739.0,14.120945435770228,,
ins266_m=4_j=60_t=60_sw=l_dens=d_var=6,855,673.0,678.72,725.0,12.13596308498011,,
ins266_m=4_j=60_t=60_sw=l_dens=d_var=6,856,673.0,676.99,735.0,11.15660790742419,,
ins266_m=4_j=60_t=60_sw=l_dens=d_var=6,857,673.0,675.73,721.0,9.004282314543454,,
ins266_m=4_j=60_t=60_sw=l_dens=d_var=6,858,673.0,676.62,745.0,12.493822473526668,,
ins266_m=4_j=60_t=60_sw=l_dens=d_var=6,859,673.0,675.63,715.0,7.883723739452063,,
ins266_m=4_j=60_t=60_sw=l_dens=d_var=6,860,673.0,675.73,747.0,10.134944499108025,,
ins266_m=4_j=60_t=60_sw=l_dens=d_var=6,861,673.0,676.76,733.0,11.079819493114497,,
ins266_m=4_j=60_t=60_sw=l_dens=d_var=6,862,673.0,675.8,717.0,7.895568377260753,,
ins266_m=4_j=60_t=60_sw=l_dens=d_var=6,863,673.0,676.81,742.0,11.558282744421854,,
ins266_m=4_j=60_t=60_sw=l_dens=d_var=6,864,673.0,676.96,742.0,13.482522019266273,,
ins266_m=4_j=60_t=60_sw=l_dens=d_var=6,865,673.0,674.89,733.0,8.224226407389331,,
ins266_m=4_j=60_t=60_sw=l_dens=d_var=6,866,673.0,676.64,747.0,10.438888829755781,,
ins266_m=4_j=60_t=60_sw=l_dens=d_var=6,867,673.0,675.85,735.0,9.859386390643179,,
ins266_m=4_j=60_t=60_sw=l_dens=d_var=6,868,673.0,676.92,745.0,12.741020367301829,,
ins266_m=4_j=60_t=60_sw=l_dens=d_var=6,869,673.0,676.45,742.0,11.39506472118522,,
ins266_m=4_j=60_t=60_sw=l_dens=d_var=6,870,673.0,675.08,718.0,6.773005241397646,,
ins266_m=4_j=60_t=60_sw=l_dens=d_var=6,871,673.0,676.61,727.0,10.174374673659312,,
ins266_m=4_j=60_t=60_sw=l_dens=d_var=6,872,673.0,676.55,741.0,11.80455420589867,,
ins266_m=4_j=60_t=60_sw=l_dens=d_var=6,873,673.0,677.13,721.0,10.937691712605545,,
ins266_m=4_j=60_t=60_sw=l_dens=d_var=6,874,673.0,675.65,731.0,8.442008054959437,,
ins266_m=4_j=60_t=60_sw=l_dens=d_var=6,875,673.0,677.97,741.0,13.401831964324877,,
ins266_m=4_j=60_t=60_sw=l_dens=d_var=6,876,673.0,675.84,743.0,11.203320936222436,,
ins266_m=4_j=60_t=60_sw=l_dens=d_var=6,877,673.0,676.42,725.0,10.087794605363452,,
ins266_m=4_j=60_t=60_sw=l_dens=d_var=6,878,673.0,676.48,727.0,10.428307628757409,,
ins266_m=4_j=60_t=60_sw=l_dens=d_var=6,879,673.0,676.35,725.0,10.38111265712881,,
ins266_m=4_j=60_t=60_sw=l_dens=d_var=6,880,673.0,677.5,743.0,12.722814154109145,,
ins266_m=4_j=60_t=60_sw=l_dens=d_var=6,881,673.0,676.46,742.0,11.8012033284746,,
ins266_m=4_j=60_t=60_sw=l_dens=d_var=6,882,673.0,676.48,743.0,12.114024929807599,,
ins266_m=4_j=60_t=60_sw=l_dens=d_var=6,883,673.0,677.41,743.0,12.565106446027427,,
ins266_m=4_j=60_t=60_sw=l_dens=d_var=6,884,673.0,676.65,734.0,10.357967947430616,,
ins266_m=4_j=60_t=60_sw=l_dens=d_var=6,885,673.0,677.4,743.0,12.666491226855213,,
ins266_m=4_j=60_t=60_sw=l_dens=d_var=6,886,673.0,677.08,743.0,11.886698448265607,,
ins266_m=4_j=60_t=60_sw=l_dens=d_var=6,887,673.0,677.56,742.0,11.94681547526369,,
ins266_m=4_j=60_t=60_sw=l_dens=d_var=6,888,673.0,677.18,735.0,11.50250407520032,,
ins266_m=4_j=60_t=60_sw=l_dens=d_var=6,889,673.0,677.07,742.0,11.742448637315814,,
ins266_m=4_j=60_t=60_sw=l_dens=d_var=6,890,673.0,677.6,743.0,14.20211251891774,,
ins266_m=4_j=60_t=60_sw=l_dens=d_var=6,891,673.0,676.39,733.0,9.782530347512346,,
ins266_m=4_j=60_t=60_sw=l_dens=d_var=6,892,673.0,679.06,734.0,12.8505408446493,,
ins266_m=4_j=60_t=60_sw=l_dens=d_var=6,893,673.0,675.77,709.0,8.428350965639718,,
ins266_m=4_j=60_t=60_sw=l_dens=d_var=6,894,673.0,675.25,719.0,7.907433211858321,,
ins266_m=4_j=60_t=60_sw=l_dens=d_var=6,895,673.0,676.1,734.0,9.99149638442611,,
ins266_m=4_j=60_t=60_sw=l_dens=d_var=6,896,673.0,676.76,741.0,11.76020407986188,,
ins266_m=4_j=60_t=60_sw=l_dens=d_var=6,897,673.0,676.89,729.0,11.59473587452513,,
ins266_m=4_j=60_t=60_sw=l_dens=d_var=6,898,673.0,676.75,717.0,10.390741070780274,,
ins266_m=4_j=60_t=60_sw=l_dens=d_var=6,899,673.0,675.87,717.0,8.887806253513856,,
ins266_m=4_j=60_t=60_sw=l_dens=d_var=6,900,673.0,675.15,717.0,7.6764249491543906,,
ins266_m=4_j=60_t=60_sw=l_dens=d_var=6,901,673.0,675.71,726.0,8.571225116632979,,
ins266_m=4_j=60_t=60_sw=l_dens=d_var=6,902,673.0,677.55,742.0,13.160832040566431,,
ins266_m=4_j=60_t=60_sw=l_dens=d_var=6,903,673.0,676.1,726.0,10.380269746013347,,
ins266_m=4_j=60_t=60_sw=l_dens=d_var=6,904,673.0,677.52,742.0,13.34502154363192,,
ins266_m=4_j=60_t=60_sw=l_dens=d_var=6,905,673.0,675.84,717.0,8.796271937588104,,
ins266_m=4_j=60_t=60_sw=l_dens=d_var=6,906,673.0,676.55,742.0,11.080049638877977,,
ins266_m=4_j=60_t=60_sw=l_dens=d_var=6,907,673.0,675.59,739.0,9.307088696257278,,
ins266_m=4_j=60_t=60_sw=l_dens=d_var=6,908,673.0,676.0,723.0,9.70051545022222,,
ins266_m=4_j=60_t=60_sw=l_dens=d_var=6,909,673.0,676.84,742.0,11.461867212631631,,
ins266_m=4_j=60_t=60_sw=l_dens=d_var=6,910,673.0,676.25,718.0,9.209098761550992,,
ins266_m=4_j=60_t=60_sw=l_dens=d_var=6,911,673.0,677.58,742.0,12.091468066368119,,
ins266_m=4_j=60_t=60_sw=l_dens=d_var=6,912,673.0,675.54,727.0,8.539812644314862,,
ins266_m=4_j=60_t=60_sw=l_dens=d_var=6,913,673.0,676.82,714.0,10.112744434623076,,
ins266_m=4_j=60_t=60_sw=l_dens=d_var=6,914,673.0,677.95,742.0,12.57885129890643,,
ins266_m=4_j=60_t=60_sw=l_dens=d_var=6,915,673.0,674.38,711.0,6.194804274551376,,
ins266_m=4_j=60_t=60_sw=l_dens=d_var=6,916,673.0,676.2,733.0,10.231324449942928,,
ins266_m=4_j=60_t=60_sw=l_dens=d_var=6,917,673.0,674.95,706.0,6.023910689909006,,
ins266_m=4_j=60_t=60_sw=l_dens=d_var=6,918,673.0,676.31,741.0,11.431268521034747,,
ins266_m=4_j=60_t=60_sw=l_dens=d_var=6,919,673.0,674.61,713.0,6.2255843099262576,,
ins266_m=4_j=60_t=60_sw=l_dens=d_var=6,920,673.0,676.15,733.0,10.614494806631166,,
ins266_m=4_j=60_t=60_sw=l_dens=d_var=6,921,673.0,676.16,722.0,8.711739206381239,,
ins266_m=4_j=60_t=60_sw=l_dens=d_var=6,922,673.0,676.52,749.0,13.056400729144308,,
ins266_m=4_j=60_t=60_sw=l_dens=d_var=6,923,673.0,676.65,742.0,12.198667960068429,,
ins266_m=4_j=60_t=60_sw=l_dens=d_var=6,924,673.0,676.68,734.0,10.95160262244755,,
ins266_m=4_j=60_t=60_sw=l_dens=d_var=6,925,673.0,678.64,739.0,12.854975690369859,,
ins266_m=4_j=60_t=60_sw=l_dens=d_var=6,926,673.0,677.0,719.0,10.410571550111934,,
ins266_m=4_j=60_t=60_sw=l_dens=d_var=6,927,673.0,676.4,745.0,11.04536101718726,,
ins266_m=4_j=60_t=60_sw=l_dens=d_var=6,928,673.0,676.97,737.0,11.60900943233315,,
ins266_m=4_j=60_t=60_sw=l_dens=d_var=6,929,673.0,676.58,743.0,11.12401006831619,,
ins266_m=4_j=60_t=60_sw=l_dens=d_var=6,930,673.0,675.23,733.0,8.641591288645857,,
ins266_m=4_j=60_t=60_sw=l_dens=d_var=6,931,673.0,677.14,734.0,11.794083262382033,,
ins266_m=4_j=60_t=60_sw=l_dens=d_var=6,932,673.0,674.49,718.0,6.778635555921266,,
ins266_m=4_j=60_t=60_sw=l_dens=d_var=6,933,673.0,676.43,739.0,11.348352303308179,,
ins266_m=4_j=60_t=60_sw=l_dens=d_var=6,934,673.0,676.59,731.0,10.562286684236513,,
ins266_m=4_j=60_t=60_sw=l_dens=d_var=6,935,673.0,675.9,733.0,9.839207285142438,,
ins266_m=4_j=60_t=60_sw=l_dens=d_var=6,936,673.0,675.54,742.0,9.568092808914427,,
ins266_m=4_j=60_t=60_sw=l_dens=d_var=6,937,673.0,675.09,729.0,8.852225708826001,,
ins266_m=4_j=60_t=60_sw=l_dens=d_var=6,938,673.0,674.81,734.0,7.730064682782415,,
ins266_m=4_j=60_t=60_sw=l_dens=d_var=6,939,673.0,677.58,741.0,12.285096662216379,,
ins266_m=4_j=60_t=60_sw=l_dens=d_var=6,940,673.0,677.81,745.0,14.133431996510968,,
ins266_m=4_j=60_t=60_sw=l_dens=d_var=6,941,673.0,674.58,709.0,5.1052521974923035,,
ins266_m=4_j=60_t=60_sw=l_dens=d_var=6,942,673.0,675.02,725.0,7.606549809210479,,
ins266_m=4_j=60_t=60_sw=l_dens=d_var=6,943,673.0,677.12,725.0,9.917943335187996,,
ins266_m=4_j=60_t=60_sw=l_dens=d_var=6,944,673.0,677.02,731.0,11.326941334711679,,
ins266_m=4_j=60_t=60_sw=l_dens=d_var=6,945,673.0,675.46,729.0,9.334259477858971,,
ins266_m=4_j=60_t=60_sw=l_dens=d_var=6,946,673.0,675.22,729.0,8.391162017265547,,
ins266_m=4_j=60_t=60_sw=l_dens=d_var=6,947,673.0,677.97,749.0,15.707612803987752,,
ins266_m=4_j=60_t=60_sw=l_dens=d_var=6,948,673.0,676.41,721.0,10.918878147502149,,
ins266_m=4_j=60_t=60_sw=l_dens=d_var=6,949,673.0,675.42,741.0,8.43348089462471,,
ins266_m=4_j=60_t=60_sw=l_dens=d_var=6,950,673.0,674.85,731.0,7.444964741353715,,
ins266_m=4_j=60_t=60_sw=l_dens=d_var=6,951,673.0,677.58,735.0,12.526915023260916,,
ins266_m=4_j=60_t=60_sw=l_dens=d_var=6,952,673.0,676.64,721.0,10.652248588913045,,
ins266_m=4_j=60_t=60_sw=l_dens=d_var=6,953,673.0,676.83,739.0,13.240887432494848,,
ins266_m=4_j=60_t=60_sw=l_dens=d_var=6,954,673.0,677.69,733.0,13.087165468503864,,
ins266_m=4_j=60_t=60_sw=l_dens=d_var=6,955,673.0,675.33,743.0,9.130230008055657,,
ins266_m=4_j=60_t=60_sw=l_dens=d_var=6,956,673.0,677.64,737.0,13.218562705528917,,
ins266_m=4_j=60_t=60_sw=l_dens=d_var=6,957,673.0,675.75,717.0,8.298644467622408,,
ins266_m=4_j=60_t=60_sw=l_dens=d_var=6,958,673.0,675.63,713.0,8.122382655354276,,
ins266_m=4_j=60_t=60_sw=l_dens=d_var=6,959,673.0,677.15,719.0,9.790173645038173,,
ins266_m=4_j=60_t=60_sw=l_dens=d_var=6,960,673.0,676.02,731.0,9.150934378521136,,
ins266_m=4_j=60_t=60_sw=l_dens=d_var=6,961,673.0,676.01,743.0,9.405843928111926,,
ins266_m=4_j=60_t=60_sw=l_dens=d_var=6,962,673.0,677.79,749.0,12.675405318963177,,
ins266_m=4_j=60_t=60_sw=l_dens=d_var=6,963,673.0,675.09,725.0,7.965042372768647,,
ins266_m=4_j=60_t=60_sw=l_dens=d_var=6,964,673.0,675.97,742.0,11.053917857483835,,
ins266_m=4_j=60_t=60_sw=l_dens=d_var=6,965,673.0,676.5,725.0,10.111874208078342,,
ins266_m=4_j=60_t=60_sw=l_dens=d_var=6,966,673.0,675.74,725.0,9.96857060967118,,
ins266_m=4_j=60_t=60_sw=l_dens=d_var=6,967,673.0,677.17,749.0,14.071286366214,,
ins266_m=4_j=60_t=60_sw=l_dens=d_var=6,968,673.0,676.63,731.0,11.039615029519824,,
ins266_m=4_j=60_t=60_sw=l_dens=d_var=6,969,673.0,677.14,741.0,11.612079917051899,,
ins266_m=4_j=60_t=60_sw=l_dens=d_var=6,970,673.0,676.46,721.0,10.013411007244237,,
ins266_m=4_j=60_t=60_sw=l_dens=d_var=6,971,673.0,674.74,714.0,5.986017039735186,,
ins266_m=4_j=60_t=60_sw=l_dens=d_var=6,972,673.0,678.75,745.0,14.575578890733636,,
ins266_m=4_j=60_t=60_sw=l_dens=d_var=6,973,673.0,676.93,717.0,9.987246867881058,,
ins266_m=4_j=60_t=60_sw=l_dens=d_var=6,974,673.0,676.38,733.0,9.806915927038428,,
ins266_m=4_j=60_t=60_sw=l_dens=d_var=6,975,673.0,675.25,742.0,9.76460444667371,,
ins266_m=4_j=60_t=60_sw=l_dens=d_var=6,976,673.0,678.13,742.0,13.028933187333491,,
ins266_m=4_j=60_t=60_sw=l_dens=d_var=6,977,673.0,678.16,735.0,14.05042348116241,,
ins266_m=4_j=60_t=60_sw=l_dens=d_var=6,978,673.0,674.78,721.0,6.9936828638421975,,
ins266_m=4_j=60_t=60_sw=l_dens=d_var=6,979,673.0,677.72,722.0,11.112227499471024,,
ins266_m=4_j=60_t=60_sw=l_dens=d_var=6,980,673.0,676.15,742.0,10.431083356967292,,
ins266_m=4_j=60_t=60_sw=l_dens=d_var=6,981,673.0,676.53,741.0,11.24851545760595,,
ins266_m=4_j=60_t=60_sw=l_dens=d_var=6,982,673.0,675.49,734.0,8.851547887234187,,
ins266_m=4_j=60_t=60_sw=l_dens=d_var=6,983,673.0,674.9,717.0,6.498461356351977,,
ins266_m=4_j=60_t=60_sw=l_dens=d_var=6,984,673.0,674.52,718.0,6.4116768477520765,,
ins266_m=4_j=60_t=60_sw=l_dens=d_var=6,985,673.0,675.4,742.0,9.36589557917448,,
ins266_m=4_j=60_t=60_sw=l_dens=d_var=6,986,673.0,675.77,737.0,10.019835327988181,,
ins266_m=4_j=60_t=60_sw=l_dens=d_var=6,987,673.0,675.76,741.0,11.834796153715534,,
ins266_m=4_j=60_t=60_sw=l_dens=d_var=6,988,673.0,676.94,735.0,13.23391098655269,,
ins266_m=4_j=60_t=60_sw=l_dens=d_var=6,989,673.0,677.63,742.0,13.708869391747813,,
ins266_m=4_j=60_t=60_sw=l_dens=d_var=6,990,673.0,676.52,734.0,10.735436646918465,,
ins266_m=4_j=60_t=60_sw=l_dens=d_var=6,991,673.0,675.45,725.0,7.9150173720592685,,
ins266_m=4_j=60_t=60_sw=l_dens=d_var=6,992,673.0,676.49,717.0,10.180859492203984,,
ins266_m=4_j=60_t=60_sw=l_dens=d_var=6,993,673.0,677.71,727.0,11.584727014479022,,
ins266_m=4_j=60_t=60_sw=l_dens=d_var=6,994,673.0,676.67,735.0,10.825021939931577,,
ins266_m=4_j=60_t=60_sw=l_dens=d_var=6,995,673.0,677.14,725.0,10.646144842148262,,
ins266_m=4_j=60_t=60_sw=l_dens=d_var=6,996,673.0,675.17,713.0,6.909493469133609,,
ins266_m=4_j=60_t=60_sw=l_dens=d_var=6,997,673.0,678.44,749.0,13.487268070295038,,
ins266_m=4_j=60_t=60_sw=l_dens=d_var=6,998,673.0,677.6,743.0,12.794530081249562,,
ins266_m=4_j=60_t=60_sw=l_dens=d_var=6,999,673.0,675.49,722.0,9.279542014560848,,
ins266_m=4_j=60_t=60_sw=l_dens=d_var=6,1000,673.0,675.55,734.0,9.749230738883966,8.440979957580566,673.0
